ENSG00000167548	KMT2D	TCGA-KICH	2.54215077231686e-13	1688.914893617	4.07125446186545e-09	4.07125446186545e-09
ENSG00000141510	TP53	TCGA-KICH	5.70756287112874e-12	1883.52	9.14009118182556e-08	4.57033096905634e-08
ENSG00000104517	UBR5	TCGA-KICH	6.39557068137746e-09	2431.3333333333	0.000102412273320897	3.41416881540867e-05
ENSG00000171862	PTEN	TCGA-KICH	1.33778699812715e-07	2712.9777777778	0.00214139564790214	0.000216617840216942
ENSG00000103197	TSC2	TCGA-KICH	4.05627263082638e-07	2902.152173913	0.00649125309111145	0.000499701586020649
ENSG00000124762	CDKN1A	TCGA-KICH	2.18409738394237e-06	3136.6666666667	0.0349193489744705	0.00124922570013704
ENSG00000122140	MRPS2	TCGA-KICH	2.57096915482118e-06	3417.3137254902	0.0410995129089713	0.00133932984646193
ENSG00000121871	SLITRK3	TCGA-KICH	9.37642767110252e-07	3651.3396226415	0.0150013466309969	0.00084807743954135
ENSG00000184270	HIST2H2AB	TCGA-KICH	1.2277395467495e-06	3672.5454545455	0.0196364663107115	0.00084807743954135
ENSG00000168246	UBTD2	TCGA-KICH	1.02929977725757e-05	3703.2368421053	0.164348295434717	0.00336412978220001
ENSG00000161036	LRWD1	TCGA-KICH	1.55805755344555e-06	3756.5322580645	0.0249148983371478	0.000998091668737221
ENSG00000187905	AC002472.13	TCGA-KICH	2.59252108899905e-06	3777.66	0.0414414496076499	0.00133932984646193
ENSG00000010818	HIVEP2	TCGA-KICH	1.6629139363246e-05	3782.6078431373	0.265251401983138	0.00409716410619054
ENSG00000107249	GLIS3	TCGA-KICH	2.30817983641192e-06	3783.8541666667	0.0369008710447174	0.00127467241655645
ENSG00000099260	PALMD	TCGA-KICH	3.88161273964274e-05	3786.4791666667	0.617797483641538	0.00621640280253785
ENSG00000136141	LRCH1	TCGA-KICH	4.50909844001707e-05	3793.7083333333	0.717397561806716	0.00681256712423334
ENSG00000163399	ATP1A1	TCGA-KICH	4.73896560707781e-05	3797.5777777778	0.753922038430008	0.00704412213528128
ENSG00000099795	NDUFB7	TCGA-KICH	0.000476171599154182	3802.1219512195	1	0.0237554893596618
ENSG00000182827	ACBD3	TCGA-KICH	8.07467485963021e-06	3820.3035714286	0.128960632183154	0.00287368706393284
ENSG00000078487	ZCWPW1	TCGA-KICH	6.74280350792118e-07	3825.4375	0.0107891598930247	0.000719906654529051
ENSG00000138798	EGF	TCGA-KICH	3.11498219098378e-06	3837.9622641509	0.0497898753406848	0.00155895124339392
ENSG00000144649	FAM198A	TCGA-KICH	2.63614220164617e-05	3842.25	0.420042898410301	0.00514851431211749
ENSG00000124490	CRISP2	TCGA-KICH	7.7018726371517e-06	3849.62	0.123014309760587	0.00280330659736328
ENSG00000158201	ABHD3	TCGA-KICH	7.88108494555441e-07	3854.8085106383	0.0126097359128871	0.000788847346269087
ENSG00000029639	TFB1M	TCGA-KICH	9.76155023918713e-07	3878.6666666667	0.0156165280726516	0.00084807743954135
ENSG00000176871	WSB2	TCGA-KICH	2.16823461849199e-06	3882.4074074074	0.0346679033150685	0.00124922570013704
ENSG00000144837	PLA1A	TCGA-KICH	1.10212223737932e-05	3890.652173913	0.175953815197608	0.00346087992777054
ENSG00000205030	OR5L2	TCGA-KICH	1.02876025302312e-05	3893	0.164272437202732	0.00336412978220001
ENSG00000198336	MYL4	TCGA-KICH	1.37515585163461e-05	3895.568627451	0.219419867686819	0.00367052016065472
ENSG00000101210	EEF1A2	TCGA-KICH	0.000112353155268914	3896.5813953488	1	0.0114607374626221
ENSG00000023191	RNH1	TCGA-KICH	4.12514613475376e-06	3901.0638297872	0.0659239603794998	0.00184478465332644
ENSG00000228253	MT-ATP8	TCGA-KICH	4.25597591647034e-05	3901.7872340426	0.677210887828761	0.00655379368291082
ENSG00000111554	MDM1	TCGA-KICH	1.80896515764921e-06	3903.7872340426	0.0289253528708109	0.00111425296152893
ENSG00000167106	FAM102A	TCGA-KICH	1.16743952797149e-05	3905.7872340426	0.186358371850089	0.00351884631648462
ENSG00000170236	USP50	TCGA-KICH	6.23427997015823e-06	3914.8163265306	0.0995988568032479	0.0024960498430521
ENSG00000148019	CEP78	TCGA-KICH	4.81118564250925e-05	3929.0833333333	0.765315300153946	0.00704412213528128
ENSG00000130829	DUSP9	TCGA-KICH	6.50066419394307e-05	3933.6	1	0.00825084189882409
ENSG00000100206	DMC1	TCGA-KICH	2.06467925381798e-05	3934.0666666667	0.329254400606353	0.00479215047099926
ENSG00000198793	MTOR	TCGA-KICH	0.0014718116730404	3939.74	1	0.0394825191687472
ENSG00000137267	TUBB2A	TCGA-KICH	4.22502601761083e-05	3942.3333333333	0.672328390182411	0.00655379368291082
ENSG00000105968	H2AFV	TCGA-KICH	0.000267899023800353	3944.612244898	1	0.0180269027990027
ENSG00000105722	ERF	TCGA-KICH	1.32490564541919e-05	3954.8	0.211441691952449	0.00363213697436898
ENSG00000157992	KRTCAP3	TCGA-KICH	0.000308721937701536	3974.8536585366	1	0.0190895051439772
ENSG00000155329	ZCCHC10	TCGA-KICH	1.73741259947975e-05	3978.9375	0.27711730961702	0.00421585799707093
ENSG00000100325	ASCC2	TCGA-KICH	1.1012006013149e-06	3982.6296296296	0.0176148048186331	0.00084807743954135
ENSG00000146166	LGSN	TCGA-KICH	5.83777905455862e-06	3984.7818181818	0.0932760337337377	0.00246031661996727
ENSG00000144136	SLC20A1	TCGA-KICH	2.43540400814893e-05	3992.5106382979	0.388179044858857	0.00505358798274504
ENSG00000143552	NUP210L	TCGA-KICH	0.000145615992764143	4000.54	1	0.0137990539888624
ENSG00000196502	SULT1A1	TCGA-KICH	0.000131744825194212	4012.02	1	0.013024033182008
ENSG00000174744	BRMS1	TCGA-KICH	1.52682076096361e-07	4016.0930232558	0.00244367662792226	0.000222291222607565
ENSG00000102057	KCND1	TCGA-KICH	2.87910127965338e-05	4021.54	0.458640833848784	0.00536148918530801
ENSG00000174358	SLC6A19	TCGA-KICH	0.000495819452937228	4023.725	1	0.0244050251770136
ENSG00000213023	SYT3	TCGA-KICH	6.27761995209513e-05	4031.1276595745	0.997576586587437	0.00804288668262428
ENSG00000125505	MBOAT7	TCGA-KICH	0.000217402258063068	4033.1538461538	1	0.0167389286676925
ENSG00000172572	PDE3A	TCGA-KICH	0.00083191287375513	4038.1578947368	1	0.0310561414293436
ENSG00000132300	PTCD3	TCGA-KICH	9.21835365216575e-06	4049.6851851852	0.147207889471435	0.00314110497317946
ENSG00000118873	RAB3GAP2	TCGA-KICH	2.83817408698292e-05	4054.8333333333	0.452149513797249	0.00534745388270959
ENSG00000105877	DNAH11	TCGA-KICH	0.000185729976117388	4067.7872340426	1	0.0152759845945444
ENSG00000196678	ERI2	TCGA-KICH	0.000285605424239884	4073.7777777778	1	0.018295883476807
ENSG00000105464	GRIN2D	TCGA-KICH	4.83829806357128e-05	4074.4807692308	0.769579689991648	0.00704412213528128
ENSG00000111642	CHD4	TCGA-KICH	0.000461888195275655	4075.813559322	1	0.023557768940572
ENSG00000154027	AK5	TCGA-KICH	7.52718941080797e-05	4091.0869565217	1	0.00899611480702162
ENSG00000140332	TLE3	TCGA-KICH	3.59677887306684e-05	4095.2941176471	0.572643164380971	0.00601238920571605
ENSG00000146285	SCML4	TCGA-KICH	5.57550354138451e-05	4102.0192307692	0.88639355300931	0.00756709230637907
ENSG00000197345	MRPL21	TCGA-KICH	0.000336033965661111	4102.3555555556	1	0.0197127617584714
ENSG00000176485	PLA2G16	TCGA-KICH	2.23391550063008e-05	4104.4615384615	0.356153148265454	0.004900843389396
ENSG00000166426	CRABP1	TCGA-KICH	0.000403010085328937	4109.1363636364	1	0.0217511911267778
ENSG00000076344	RGS11	TCGA-KICH	0.000215545104940419	4113.1346153846	1	0.0167389286676925
ENSG00000079150	FKBP7	TCGA-KICH	9.74732639893526e-05	4120.3617021277	1	0.0107991616839215
ENSG00000103932	RPAP1	TCGA-KICH	7.91994778757858e-05	4123.4888888889	1	0.00932632086897581
ENSG00000116985	BMP8B	TCGA-KICH	0.000557460831403002	4123.7826086957	1	0.0255809031946106
ENSG00000215375	MYL5	TCGA-KICH	8.19295249509032e-05	4129.1111111111	1	0.00957738205904171
ENSG00000158301	GPRASP2	TCGA-KICH	0.000403378318117578	4129.4	1	0.0217511911267778
ENSG00000103023	PRSS54	TCGA-KICH	0.000105240894488238	4134.0952380952	1	0.0110883745080864
ENSG00000138378	STAT4	TCGA-KICH	0.00057931379321997	4140.5918367347	1	0.0260407749092078
ENSG00000138463	DIRC2	TCGA-KICH	4.09451446854529e-05	4147.375	0.651601032524297	0.00642878913860321
ENSG00000205420	KRT6A	TCGA-KICH	7.89902264117852e-05	4152.037037037	1	0.00932632086897581
ENSG00000129654	FOXJ1	TCGA-KICH	7.49031936715012e-06	4156.02	0.119650361570856	0.00279996289940535
ENSG00000197728	RPS26	TCGA-KICH	0.000421011874297755	4157.4102564103	1	0.0224003493916231
ENSG00000269699	ZIM2	TCGA-KICH	0.00106582286681956	4162.4047619048	1	0.0346306569378025
ENSG00000146904	EPHA1	TCGA-KICH	0.000468147678143803	4163.4761904762	1	0.0237054578145087
ENSG00000071073	MGAT4A	TCGA-KICH	0.000899376845835458	4163.8974358974	1	0.0320078226356775
ENSG00000151092	NGLY1	TCGA-KICH	4.9273860808589e-05	4171.2181818182	0.783700756160609	0.00710919712477075
ENSG00000112081	SRSF3	TCGA-KICH	0.000128808511825654	4171.6875	1	0.0128234613927678
ENSG00000254469	RP11-849H4.2	TCGA-KICH	1.09598043177314e-05	4173.8367346939	0.174984235736899	0.00346087992777054
ENSG00000105707	HPN	TCGA-KICH	0.0007814200311977	4175.8541666667	1	0.0304641591620579
ENSG00000077092	RARB	TCGA-KICH	0.000144151030658803	4180.6346153846	1	0.0137415402142901
ENSG00000072210	ALDH3A2	TCGA-KICH	0.000603221619755383	4181.1403508772	1	0.0267611345081292
ENSG00000158639	PAGE5	TCGA-KICH	6.10553917840835e-05	4181.7058823529	0.970414397016223	0.0080147713067385
ENSG00000140854	KATNB1	TCGA-KICH	0.00068690580793855	4184.0377358491	1	0.0286479075888955
ENSG00000172803	SNX32	TCGA-KICH	0.000219823862652351	4185.4038461538	1	0.0168443978965426
ENSG00000198824	CHAMP1	TCGA-KICH	0.000163163558563859	4187.4509803922	1	0.0144899412605894
ENSG00000189091	SF3B3	TCGA-KICH	0.000314148500963433	4190.2272727273	1	0.0192762001644804
ENSG00000182158	CREB3L2	TCGA-KICH	3.76520289288082e-05	4192.4117647059	0.59934499648877	0.00615303309484555
ENSG00000042493	CAPG	TCGA-KICH	0.00118178482153262	4193.7777777778	1	0.0358002284228596
ENSG00000188868	ZNF563	TCGA-KICH	3.45852436155667e-06	4194.12	0.0552775948707602	0.00163275616957292
ENSG00000104731	KLHDC4	TCGA-KICH	0.000240414091909114	4197.1509433962	1	0.0174430246608978
ENSG00000258839	MC1R	TCGA-KICH	3.92896602030471e-05	4202.9607843137	0.625294942131495	0.00622993968467128
ENSG00000186010	NDUFA13	TCGA-KICH	0.000246501256003546	4203.7446808511	1	0.0174430246608978
ENSG00000004799	PDK4	TCGA-KICH	3.4326034759363e-05	4206.4038461538	0.546607777508096	0.00597534181164346
ENSG00000167900	TK1	TCGA-KICH	0.000621094544441817	4207.380952381	1	0.0271771287684035
ENSG00000204475	NCR3	TCGA-KICH	0.000789424043225353	4208.2291666667	1	0.0304641591620579
ENSG00000136100	VPS36	TCGA-KICH	7.51785230561538e-06	4216.0925925926	0.120082654877594	0.00279996289940535
ENSG00000149527	PLCH2	TCGA-KICH	5.78639383278313e-05	4218.9298245614	0.919805163659206	0.00772242476933515
ENSG00000153317	ASAP1	TCGA-KICH	5.14720637041885e-05	4220.3	0.818508757024005	0.00723092193177701
ENSG00000105605	CACNG7	TCGA-KICH	0.000698494365237575	4222.14	1	0.0288487308160901
ENSG00000165271	NOL6	TCGA-KICH	0.000175580550850276	4222.7659574468	1	0.0148778969410962
ENSG00000117118	SDHB	TCGA-KICH	0.00038404814056256	4226	1	0.0213560103163521
ENSG00000091409	ITGA6	TCGA-KICH	0.0001830159919819	4227	1	0.0152759845945444
ENSG00000115107	STEAP3	TCGA-KICH	0.000656180116406619	4231.4901960784	1	0.0279807027087385
ENSG00000125503	PPP1R12C	TCGA-KICH	0.000184188948279151	4232.7083333333	1	0.0152759845945444
ENSG00000140835	CHST4	TCGA-KICH	0.000308137248395797	4234.1333333333	1	0.0190895051439772
ENSG00000139370	SLC15A4	TCGA-KICH	0.000430946519461393	4235	1	0.0225347946772492
ENSG00000108826	MRPL27	TCGA-KICH	0.000385412604324011	4238.2448979592	1	0.0213577261531108
ENSG00000088298	EDEM2	TCGA-KICH	0.000521385669016071	4239.6078431373	1	0.0250010342000915
ENSG00000140993	TIGD7	TCGA-KICH	0.000502815728253146	4240.7884615385	1	0.0245505911218723
ENSG00000136888	ATP6V1G1	TCGA-KICH	0.00090932549478625	4241.3529411765	1	0.032168857772057
ENSG00000164405	UQCRQ	TCGA-KICH	0.000318339297997048	4244.4680851064	1	0.0193113782478134
ENSG00000095380	NANS	TCGA-KICH	0.000282888117926533	4245.7777777778	1	0.0182679564862638
ENSG00000182628	SKA2	TCGA-KICH	3.54676584217757e-05	4247.32	0.564751525049935	0.00601238920571605
ENSG00000183828	NUDT14	TCGA-KICH	0.00188946920460474	4247.5555555556	1	0.0441105675098323
ENSG00000155761	SPAG17	TCGA-KICH	0.00084273005594828	4247.5957446809	1	0.031169334517348
ENSG00000198707	CEP290	TCGA-KICH	1.97923913182394e-05	4253.0392156863	0.315649056743282	0.00466139922002359
ENSG00000182898	TCHHL1	TCGA-KICH	0.000317085578915826	4253.9811320755	1	0.0193113782478134
ENSG00000109193	SULT1E1	TCGA-KICH	0.00116819295819493	4254.537037037	1	0.0357717212724507
ENSG00000143850	PLEKHA6	TCGA-KICH	0.000237011939438473	4254.9183673469	1	0.0174130997495965
ENSG00000167749	KLK4	TCGA-KICH	0.000507792429011465	4255.4893617021	1	0.024718224166014
ENSG00000148773	MKI67	TCGA-KICH	0.00151403953095246	4255.6279069767	1	0.039749742767547
ENSG00000106078	COBL	TCGA-KICH	3.15976938956072e-05	4256.0961538462	0.503256470675336	0.00568580974986684
ENSG00000143486	EIF2D	TCGA-KICH	0.000444749857378019	4258.6981132075	1	0.0228290671984262
ENSG00000153157	SYCP2L	TCGA-KICH	0.00183139830288931	4259.8536585366	1	0.0431956462750696
ENSG00000163888	CAMK2N2	TCGA-KICH	1.25124427441633e-05	4264.1296296296	0.19971109863959	0.00363213697436898
ENSG00000186714	CCDC73	TCGA-KICH	0.000254873344385932	4264.7692307692	1	0.0177396148460845
ENSG00000164346	NSA2	TCGA-KICH	0.000215026618345015	4264.8695652174	1	0.0167389286676925
ENSG00000101460	MAP1LC3A	TCGA-KICH	0.000825036907810883	4265.2173913043	1	0.0310163522971627
ENSG00000175793	SFN	TCGA-KICH	5.41499824834934e-05	4268.48	0.860984721487546	0.00747596525407886
ENSG00000178997	EXD1	TCGA-KICH	0.000932919512006985	4269.0416666667	1	0.0324093405310019
ENSG00000084628	NKAIN1	TCGA-KICH	0.00110437058396321	4270.119047619	1	0.0349565804953048
ENSG00000143819	EPHX1	TCGA-KICH	0.00380579895511379	4270.4571428571	1	0.0630555028841737
ENSG00000138303	ASCC1	TCGA-KICH	0.00196972273450032	4270.4736842105	1	0.0450001563381207
ENSG00000197471	SPN	TCGA-KICH	0.000437036480807705	4271.25	1	0.0226509360522181
ENSG00000106344	RBM28	TCGA-KICH	0.000154791171861478	4276.1346153846	1	0.0141840904865307
ENSG00000188517	COL25A1	TCGA-KICH	0.000663411242593342	4278.1875	1	0.0279807027087385
ENSG00000119953	SMNDC1	TCGA-KICH	0.000928100878673727	4281.32	1	0.0323987342552984
ENSG00000155463	OXA1L	TCGA-KICH	0.000647791093804502	4282.6590909091	1	0.0279807027087385
ENSG00000204392	LSM2	TCGA-KICH	0.000472010041440973	4283.0208333333	1	0.0237163200213149
ENSG00000167748	KLK1	TCGA-KICH	0.000897836216468958	4284.3913043478	1	0.0320078226356775
ENSG00000169105	CHST14	TCGA-KICH	0.000733375367507405	4289.914893617	1	0.0295100666096259
ENSG00000186146	DEFB131	TCGA-KICH	0.00103309728307083	4290.7727272727	1	0.0343265882153508
ENSG00000113262	GRM6	TCGA-KICH	0.000232415826684765	4293.0740740741	1	0.0173931750670865
ENSG00000147316	MCPH1	TCGA-KICH	0.0001363290133946	4293.0888888889	1	0.0131651724097922
ENSG00000102547	CAB39L	TCGA-KICH	0.000788552767191436	4293.1315789474	1	0.0304641591620579
ENSG00000176540	OR4C5	TCGA-KICH	0.000278337464935278	4294.847826087	1	0.0181202215485304
ENSG00000168348	INSM2	TCGA-KICH	0.000101138530269707	4295.3673469388	1	0.0108799318359019
ENSG00000099377	HSD3B7	TCGA-KICH	0.000855063965732041	4297.1086956522	1	0.0314079114935749
ENSG00000186063	AIDA	TCGA-KICH	0.00150866097398065	4299.0465116279	1	0.0397198738267068
ENSG00000188038	NRN1L	TCGA-KICH	0.0005693108416187	4301.8703703704	1	0.0259020259333054
ENSG00000130338	TULP4	TCGA-KICH	0.000710695900373582	4302.12	1	0.02901715869368
ENSG00000178950	GAK	TCGA-KICH	0.000374265284825509	4302.3191489362	1	0.0210065524887039
ENSG00000115271	GCA	TCGA-KICH	0.000298350223726345	4302.325	1	0.0187292126286981
ENSG00000105141	CASP14	TCGA-KICH	0.00026073334609287	4303.7555555556	1	0.0178045595336418
ENSG00000185220	PGBD2	TCGA-KICH	0.00112467494608181	4303.8510638298	1	0.0351871057021384
ENSG00000078589	P2RY10	TCGA-KICH	0.00438756773511091	4307.4318181818	1	0.0676293525291638
ENSG00000135905	DOCK10	TCGA-KICH	0.00026102519810247	4309	1	0.0178045595336418
ENSG00000203730	TEDDM1	TCGA-KICH	0.00127822933485543	4312.1860465116	1	0.0372069430278778
ENSG00000157020	SEC13	TCGA-KICH	0.00154257109496932	4313.3181818182	1	0.039917471473955
ENSG00000111863	ADTRP	TCGA-KICH	0.000859549841514421	4313.375	1	0.031500436411564
ENSG00000127507	EMR2	TCGA-KICH	0.000578034777000188	4315.1818181818	1	0.0260407749092078
ENSG00000240038	AMY2B	TCGA-KICH	0.00163029311591104	4316.5227272727	1	0.0409234235914032
ENSG00000173581	CCDC106	TCGA-KICH	0.00312872802030827	4318.1363636364	1	0.0570689968624567
ENSG00000184502	GAST	TCGA-KICH	0.000257716594333327	4318.2452830189	1	0.0177902209407251
ENSG00000177469	PTRF	TCGA-KICH	0.000431981390316297	4318.7727272727	1	0.0225347946772492
ENSG00000101134	DOK5	TCGA-KICH	0.000331876834114305	4321.9259259259	1	0.0196704182827294
ENSG00000125445	MRPS7	TCGA-KICH	0.0011249327580078	4323.4130434783	1	0.0351871057021384
ENSG00000215712	TMEM242	TCGA-KICH	0.000882840592957075	4323.7222222222	1	0.0320078226356775
ENSG00000156097	GPR61	TCGA-KICH	0.00148814113303898	4325.4130434783	1	0.0395939759923507
ENSG00000097096	SYDE2	TCGA-KICH	0.000245940557012045	4325.54	1	0.0174430246608978
ENSG00000167315	ACAA2	TCGA-KICH	0.000405495191444013	4326.1086956522	1	0.0217919647348183
ENSG00000118418	HMGN3	TCGA-KICH	0.000215300571935246	4327.037037037	1	0.0167389286676925
ENSG00000159335	PTMS	TCGA-KICH	0.000541714727198918	4328.9803921569	1	0.0253618152389585
ENSG00000155428	TRIM74	TCGA-KICH	0.00196614108852169	4329.7555555556	1	0.0450001563381207
ENSG00000090061	CCNK	TCGA-KICH	0.000475478627883836	4330.5094339623	1	0.0237554893596618
ENSG00000169488	OR4K15	TCGA-KICH	0.00411720404509875	4332.5909090909	1	0.065614682592963
ENSG00000170684	ZNF296	TCGA-KICH	0.00010256995236967	4335.9615384615	1	0.0108799318359019
ENSG00000160255	ITGB2	TCGA-KICH	0.000410122520111294	4336.4912280702	1	0.0218937071986079
ENSG00000164535	DAGLB	TCGA-KICH	0.00159114089711689	4336.7555555556	1	0.04035622304584
ENSG00000204084	INPP5B	TCGA-KICH	0.00136452378191389	4336.7555555556	1	0.0382042803625016
ENSG00000125730	C3	TCGA-KICH	2.32798545290732e-05	4340.1395348837	0.37110852107294	0.00497102493710809
ENSG00000137561	TTPA	TCGA-KICH	0.000243372126446709	4341.5178571429	1	0.0174430246608978
ENSG00000017427	IGF1	TCGA-KICH	0.000840281644321985	4341.5625	1	0.031169334517348
ENSG00000095951	HIVEP1	TCGA-KICH	0.000898564366637761	4341.7333333333	1	0.0320078226356775
ENSG00000139112	GABARAPL1	TCGA-KICH	0.000262029727473282	4344.5217391304	1	0.0178045595336418
ENSG00000152284	TCF7L1	TCGA-KICH	0.000823614179048859	4345.0833333333	1	0.0310163522971627
ENSG00000150051	MKX	TCGA-KICH	0.00187057527361018	4346.3777777778	1	0.0437971681386945
ENSG00000249624	AP000295.9	TCGA-KICH	0.000303998024182289	4346.7446808511	1	0.0189436901061453
ENSG00000138670	RASGEF1B	TCGA-KICH	0.0017933866319418	4349.5178571429	1	0.0428778652669935
ENSG00000141971	MVB12A	TCGA-KICH	0.000239058526393915	4357.5531914894	1	0.0174430246608978
ENSG00000151948	GLT1D1	TCGA-KICH	0.00145425180460344	4359.0909090909	1	0.0392746081799731
ENSG00000160948	VPS28	TCGA-KICH	0.000398062213119873	4360.6078431373	1	0.0217511911267778
ENSG00000142676	RPL11	TCGA-KICH	0.00194437619152813	4361.8571428571	1	0.0447402079128205
ENSG00000165695	AK8	TCGA-KICH	0.000545850820542626	4368.5652173913	1	0.0253618152389585
ENSG00000090238	YPEL3	TCGA-KICH	0.00245533772962612	4368.9791666667	1	0.0497749794176738
ENSG00000158517	NCF1	TCGA-KICH	0.000355360813068722	4373.1785714286	1	0.0204295721031186
ENSG00000131626	PPFIA1	TCGA-KICH	0.000761423489327193	4375.1136363636	1	0.030109128843395
ENSG00000196597	ZNF782	TCGA-KICH	0.00154161693700118	4377.6078431373	1	0.039917471473955
ENSG00000072401	UBE2D1	TCGA-KICH	0.00262470844760967	4378.7346938776	1	0.0514500682845395
ENSG00000185347	C14orf80	TCGA-KICH	0.0010825678209062	4379.7755102041	1	0.0346494729443518
ENSG00000167792	NDUFV1	TCGA-KICH	2.54279852054095e-05	4380.1851851852	0.405220372233405	0.00509036478830791
ENSG00000112799	LY86	TCGA-KICH	0.00131600267206668	4380.4222222222	1	0.0375154104465678
ENSG00000103222	ABCC1	TCGA-KICH	0.00201367802982368	4381.0612244898	1	0.0451667418033982
ENSG00000162728	KCNJ9	TCGA-KICH	0.000591941959835597	4381.8125	1	0.0264065473169
ENSG00000134317	GRHL1	TCGA-KICH	0.000543961762610257	4382.3076923077	1	0.0253618152389585
ENSG00000154721	JAM2	TCGA-KICH	0.000793109004234185	4382.4375	1	0.0305327901509867
ENSG00000072315	TRPC5	TCGA-KICH	8.91947052195526e-05	4390	1	0.0102397891831413
ENSG00000112759	SLC29A1	TCGA-KICH	0.00110780039034356	4391.875	1	0.0349565804953048
ENSG00000186844	LCE1A	TCGA-KICH	9.0864157011898e-05	4394.3529411765	1	0.0102558393044379
ENSG00000151490	PTPRO	TCGA-KICH	0.00328657093446791	4394.5918367347	1	0.0585648747400583
ENSG00000149328	GLB1L2	TCGA-KICH	0.00116532464939557	4395.7450980392	1	0.0357717212724507
ENSG00000162510	MATN1	TCGA-KICH	0.00259919610971035	4396.5789473684	1	0.0511377465565249
ENSG00000163520	FBLN2	TCGA-KICH	0.00154948055577989	4397.4897959184	1	0.039917471473955
ENSG00000156463	SH3RF2	TCGA-KICH	0.00105140294186942	4398.2909090909	1	0.0345753965380673
ENSG00000128309	MPST	TCGA-KICH	0.00144915098378842	4398.9795918367	1	0.0392692944253326
ENSG00000134644	PUM1	TCGA-KICH	0.00191573959290264	4400.0204081633	1	0.0444002454129317
ENSG00000137693	YAP1	TCGA-KICH	0.00159569594465412	4400.0425531915	1	0.0403713594844166
ENSG00000164078	MST1R	TCGA-KICH	0.00286829035534645	4401.1818181818	1	0.0540419647539687
ENSG00000188807	TMEM201	TCGA-KICH	0.000571376012699008	4402.1	1	0.025922342332506
ENSG00000172247	C1QTNF4	TCGA-KICH	0.00373165412274941	4402.4102564103	1	0.0625130133638409
ENSG00000182333	LIPF	TCGA-KICH	0.00338913048672446	4403.5652173913	1	0.0600408459567392
ENSG00000128185	DGCR6L	TCGA-KICH	0.00919542379224123	4404.7647058824	1	0.096503743140723
ENSG00000028137	TNFRSF1B	TCGA-KICH	0.000541348432788207	4406.2037037037	1	0.0253618152389585
ENSG00000183463	URAD	TCGA-KICH	0.000813345929060065	4407.1875	1	0.0308666707438316
ENSG00000148824	MTG1	TCGA-KICH	0.00422935538136263	4407.2954545455	1	0.0663399867115794
ENSG00000137409	MTCH1	TCGA-KICH	0.000496924961697814	4409.1052631579	1	0.0244050251770136
ENSG00000136247	ZDHHC4	TCGA-KICH	0.000427317325354499	4410.6170212766	1	0.0224574090746383
ENSG00000173930	SLCO4C1	TCGA-KICH	0.00082963680862927	4412.375	1	0.0310561414293436
ENSG00000158470	B4GALT5	TCGA-KICH	0.00475139080709581	4412.7	1	0.0704226936845096
ENSG00000156603	MED19	TCGA-KICH	0.000842018894269932	4413.2830188679	1	0.031169334517348
ENSG00000101182	PSMA7	TCGA-KICH	0.00043957928124927	4415.5098039216	1	0.0227092328684099
ENSG00000197170	PSMD12	TCGA-KICH	0.000915318850940203	4415.9019607843	1	0.032168857772057
ENSG00000214193	SH3D21	TCGA-KICH	0.00213641693274585	4415.9285714286	1	0.0465718079502431
ENSG00000075568	TMEM131	TCGA-KICH	0.00032757685104264	4417.2040816327	1	0.0196501828531496
ENSG00000037474	NSUN2	TCGA-KICH	0.000255875805772434	4419.6875	1	0.0177396148460845
ENSG00000105281	SLC1A5	TCGA-KICH	0.000785392072192542	4421.1111111111	1	0.0304641591620579
ENSG00000187754	SSX7	TCGA-KICH	0.00246942403077627	4421.2173913043	1	0.0498486851851662
ENSG00000165140	FBP1	TCGA-KICH	0.00623386189648986	4422.2702702703	1	0.0798834675805673
ENSG00000021488	SLC7A9	TCGA-KICH	0.00148335705117877	4425.6595744681	1	0.0395932719577134
ENSG00000141738	GRB7	TCGA-KICH	0.00357607113473221	4426.8333333333	1	0.0618474937610543
ENSG00000164733	CTSB	TCGA-KICH	0.00144659440667289	4428.8205128205	1	0.039266456648926
ENSG00000198670	LPA	TCGA-KICH	0.00390142575858762	4429.2444444444	1	0.0637039641014232
ENSG00000118363	SPCS2	TCGA-KICH	0.00123856877543981	4430.8139534884	1	0.0365971936137797
ENSG00000145757	SPATA9	TCGA-KICH	0.000299386727002605	4431.4181818182	1	0.0187292126286981
ENSG00000243056	EIF4EBP3	TCGA-KICH	0.000375140431580975	4432.1346153846	1	0.0210065524887039
ENSG00000160233	LRRC3	TCGA-KICH	0.00216945112191632	4434.8846153846	1	0.0465734044470374
ENSG00000184602	SNN	TCGA-KICH	0.00120685932544129	4436.7551020408	1	0.035925375644874
ENSG00000183840	GPR39	TCGA-KICH	0.000898725783142402	4438.4081632653	1	0.0320078226356775
ENSG00000111344	RASAL1	TCGA-KICH	0.00071659773171063	4438.4423076923	1	0.0290539561350525
ENSG00000174243	DDX23	TCGA-KICH	0.00246226265815503	4438.8780487805	1	0.0497963113230868
ENSG00000099822	HCN2	TCGA-KICH	0.000628235687006642	4440.0961538462	1	0.0274146989847722
ENSG00000091262	ABCC6	TCGA-KICH	0.000389643834129589	4440.26	1	0.021443800699606
ENSG00000198182	ZNF607	TCGA-KICH	0.00412445998939255	4441.9756097561	1	0.0656592711035007
ENSG00000277075	H2AC8	TCGA-KICH	0.00150451407601576	4447.3673469388	1	0.0396948812642378
ENSG00000172239	PAIP1	TCGA-KICH	0.00261667138571102	4448	1	0.0514183953891557
ENSG00000145214	DGKQ	TCGA-KICH	0.0105451355446748	4449.3333333333	1	0.102475937953863
ENSG00000112312	GMNN	TCGA-KICH	0.000931039305777989	4449.9464285714	1	0.0324093405310019
ENSG00000128487	SPECC1	TCGA-KICH	0.0012012864524781	4451.6808510638	1	0.0358260754868469
ENSG00000220201	ZGLP1	TCGA-KICH	0.00488381443379335	4451.7169811321	1	0.0715592755326628
ENSG00000048342	CC2D2A	TCGA-KICH	0.000546360618085676	4452.8888888889	1	0.0253618152389585
ENSG00000159147	DONSON	TCGA-KICH	0.00190584704588543	4453.1	1	0.0443635762207196
ENSG00000181027	FKRP	TCGA-KICH	0.0020909543855715	4453.6046511628	1	0.0461248408883301
ENSG00000197043	ANXA6	TCGA-KICH	0.000741706795133958	4453.7169811321	1	0.0296960858101758
ENSG00000117226	GBP3	TCGA-KICH	0.000344656908088716	4455.8076923077	1	0.0200715650292392
ENSG00000127463	EMC1	TCGA-KICH	0.00136281453610671	4457.9777777778	1	0.0382042803625016
ENSG00000132952	USPL1	TCGA-KICH	0.000709313726449003	4458.1228070175	1	0.02901715869368
ENSG00000205403	CFI	TCGA-KICH	0.00136277900078572	4458.9756097561	1	0.0382042803625016
ENSG00000147180	ZNF711	TCGA-KICH	0.00225296207205418	4459.1276595745	1	0.0474128614769353
ENSG00000178927	C17orf62	TCGA-KICH	0.00146385946653633	4460.0434782609	1	0.0394011921959316
ENSG00000156218	ADAMTSL3	TCGA-KICH	0.00113472048841641	4460.0961538462	1	0.035286502178619
ENSG00000237172	B3GNT9	TCGA-KICH	0.00474292078524196	4460.4772727273	1	0.0704226936845096
ENSG00000197077	KIAA1671	TCGA-KICH	0.00110669705087611	4460.7608695652	1	0.0349565804953048
ENSG00000183747	ACSM2A	TCGA-KICH	0.00352470632820617	4460.8	1	0.0614815184386466
ENSG00000136828	RALGPS1	TCGA-KICH	0.00146879699584618	4461.7073170732	1	0.0394677582021419
ENSG00000187555	USP7	TCGA-KICH	0.00239926178411469	4462.1555555556	1	0.0491456926565642
ENSG00000173431	RNASE8	TCGA-KICH	0.00424886092023349	4464.0697674419	1	0.0665699473215342
ENSG00000089351	GRAMD1A	TCGA-KICH	0.00228794880283081	4464.3333333333	1	0.0475687183256899
ENSG00000130958	SLC35D2	TCGA-KICH	0.00706044115224508	4467.1578947368	1	0.0846988502271198
ENSG00000187546	AGMO	TCGA-KICH	0.00100303015858081	4467.3488372093	1	0.0338567530013632
ENSG00000168785	TSPAN5	TCGA-KICH	0.0036175157484971	4467.625	1	0.0622463207191364
ENSG00000175556	LONRF3	TCGA-KICH	0.0017272669643689	4467.98	1	0.0421679579792194
ENSG00000121851	POLR3GL	TCGA-KICH	0.00275754374379248	4468.7727272727	1	0.0530156819409803
ENSG00000141441	GAREM	TCGA-KICH	0.00686909142218452	4468.9777777778	1	0.0834382871382275
ENSG00000181523	SGSH	TCGA-KICH	0.00192155274975833	4469.8913043478	1	0.0444025596554461
ENSG00000135299	ANKRD6	TCGA-KICH	0.00242874863692257	4470.612244898	1	0.0493609256602981
ENSG00000160883	HK3	TCGA-KICH	0.00815190364769863	4471.3243243243	1	0.0903479148220717
ENSG00000269028	MTRNR2L12	TCGA-KICH	0.00896323214578251	4471.9210526316	1	0.095189763139726
ENSG00000185015	CA13	TCGA-KICH	0.00152015291532131	4472.28	1	0.0398449246135365
ENSG00000164893	SLC7A13	TCGA-KICH	0.00144359282222682	4472.7333333333	1	0.039266456648926
ENSG00000110148	CCKBR	TCGA-KICH	0.000133766175214291	4476.7647058824	1	0.0130625932686395
ENSG00000241186	TDGF1	TCGA-KICH	0.00366183522156626	4477.4210526316	1	0.0622829666630826
ENSG00000181408	UTS2R	TCGA-KICH	0.00138761322933479	4477.6666666667	1	0.0386480449874723
ENSG00000244038	DDOST	TCGA-KICH	0.000357182653067324	4477.6981132075	1	0.0204295721031186
ENSG00000160224	AIRE	TCGA-KICH	0.00168837742130499	4478.0196078431	1	0.0417186924119992
ENSG00000114439	BBX	TCGA-KICH	0.00448854543044715	4479.431372549	1	0.0682659592294502
ENSG00000157470	FAM81A	TCGA-KICH	0.0134290331475608	4479.625	1	0.114275220966093
ENSG00000136099	PCDH8	TCGA-KICH	0.00246260871482265	4480.7058823529	1	0.0497963113230868
ENSG00000137154	RPS6	TCGA-KICH	0.000615819966505356	4482.6326530612	1	0.0270587859149648
ENSG00000156738	MS4A1	TCGA-KICH	8.91869873002181e-05	4483.5471698113	1	0.0102397891831413
ENSG00000119698	PPP4R4	TCGA-KICH	0.00304235374918882	4484.0392156863	1	0.0558753386390585
ENSG00000125363	AMELX	TCGA-KICH	0.00155209887505345	4484.1428571429	1	0.039917471473955
ENSG00000126950	TMEM35	TCGA-KICH	0.00377032767833709	4485.2	1	0.062832255742527
ENSG00000177283	FZD8	TCGA-KICH	0.000948405477991611	4486.8163265306	1	0.032816812861538
ENSG00000197822	OCLN	TCGA-KICH	0.00197659208266139	4488.0204081633	1	0.0450144371456825
ENSG00000170681	MURC	TCGA-KICH	0.0065146623816492	4488.6046511628	1	0.0810662921850131
ENSG00000162849	KIF26B	TCGA-KICH	0.00319389542752727	4488.8367346939	1	0.057862257094852
ENSG00000158825	CDA	TCGA-KICH	0.00181994440428644	4489.6382978723	1	0.0431837449785258
ENSG00000182199	SHMT2	TCGA-KICH	0.00491702733135173	4489.6739130435	1	0.0716562272350188
ENSG00000185070	FLRT2	TCGA-KICH	0.0077883648034974	4490.7333333333	1	0.0881488779703258
ENSG00000135220	UGT2A3	TCGA-KICH	0.00346854756199378	4490.8139534884	1	0.0607257396583021
ENSG00000251380	C5orf20	TCGA-KICH	0.000517349538824499	4492.9574468085	1	0.0249821355148549
ENSG00000165655	ZNF503	TCGA-KICH	0.00843163333704158	4494.303030303	1	0.0921095551792093
ENSG00000117228	GBP1	TCGA-KICH	0.00153893573378826	4494.3269230769	1	0.039917471473955
ENSG00000197887	OR1S2	TCGA-KICH	0.00132430355837694	4494.8431372549	1	0.0376041161124234
ENSG00000171587	DSCAM	TCGA-KICH	0.000891135950525331	4495.3695652174	1	0.0320078226356775
ENSG00000156030	ELMSAN1	TCGA-KICH	0.00451761954443238	4497.1052631579	1	0.0682711683324414
ENSG00000135423	GLS2	TCGA-KICH	0.00182071326855345	4497.3333333333	1	0.0431837449785258
ENSG00000135677	GNS	TCGA-KICH	0.00313300109293034	4498.375	1	0.0570819254872349
ENSG00000123453	SARDH	TCGA-KICH	0.00589816140709349	4499.2444444444	1	0.0781429403622563
ENSG00000167107	ACSF2	TCGA-KICH	0.00119723692816949	4499.3818181818	1	0.0358260754868469
ENSG00000110063	DCPS	TCGA-KICH	0.00326094329754266	4500.5471698113	1	0.0585470929485939
ENSG00000231887	PRH1	TCGA-KICH	0.00200687740327852	4500.5531914894	1	0.0451400964930772
ENSG00000196843	ARID5A	TCGA-KICH	0.000216536275287179	4502.6041666667	1	0.0167389286676925
ENSG00000066027	PPP2R5A	TCGA-KICH	0.0036614566207224	4504.3260869565	1	0.0622829666630826
ENSG00000197584	KCNMB2	TCGA-KICH	0.000277063931979883	4505.1754385965	1	0.0181202215485304
ENSG00000074317	SNCB	TCGA-KICH	0.000278299943389236	4506.4150943396	1	0.0181202215485304
ENSG00000161016	RPL8	TCGA-KICH	0.000911152837948035	4506.4565217391	1	0.032168857772057
ENSG00000174667	OR7D4	TCGA-KICH	0.00215667259158292	4507.1764705882	1	0.0465734044470374
ENSG00000221818	EBF2	TCGA-KICH	0.00115296460179406	4507.4285714286	1	0.0356461932388645
ENSG00000004776	HSPB6	TCGA-KICH	0.00247142404227424	4508.7659574468	1	0.0498486851851662
ENSG00000012223	LTF	TCGA-KICH	0.00259719673168131	4510.9166666667	1	0.0511377465565249
ENSG00000089041	P2RX7	TCGA-KICH	0.00192692968845052	4510.9375	1	0.0444025596554461
ENSG00000168807	SNTB2	TCGA-KICH	0.00832668600219601	4511.8333333333	1	0.0914621922669199
ENSG00000162390	ACOT11	TCGA-KICH	0.000364255450765063	4512.5576923077	1	0.020686351219867
ENSG00000120784	ZFP30	TCGA-KICH	0.000436932078434171	4513.137254902	1	0.0226509360522181
ENSG00000134470	IL15RA	TCGA-KICH	0.00100093056415088	4513.4464285714	1	0.0338567530013632
ENSG00000175376	EIF1AD	TCGA-KICH	0.00628324576679531	4513.5217391304	1	0.0800628304868802
ENSG00000183010	PYCR1	TCGA-KICH	0.000862910191900156	4514.125	1	0.0315513852129703
ENSG00000133193	FAM104A	TCGA-KICH	0.00128165551231366	4514.5789473684	1	0.0372069430278778
ENSG00000106278	PTPRZ1	TCGA-KICH	0.000964477350354039	4514.7872340426	1	0.0332174296041289
ENSG00000092621	PHGDH	TCGA-KICH	0.00262287529206817	4515.6595744681	1	0.0514500682845395
ENSG00000186272	ZNF17	TCGA-KICH	0.00218027579856331	4516.4651162791	1	0.0466806375855501
ENSG00000225327	USP17L3	TCGA-KICH	0.000479412828360048	4517.0526315789	1	0.0237702676352513
ENSG00000130300	PLVAP	TCGA-KICH	0.00176808856906948	4517.085106383	1	0.0425164240745462
ENSG00000126775	ATG14	TCGA-KICH	0.00222191677540502	4517.1041666667	1	0.0470687793096713
ENSG00000165617	DACT1	TCGA-KICH	0.00309292766817761	4519.2380952381	1	0.056544790645964
ENSG00000110768	GTF2H1	TCGA-KICH	0.00311866256674736	4519.7894736842	1	0.0569502634053124
ENSG00000086065	CHMP5	TCGA-KICH	0.00510994542636965	4520.7674418605	1	0.073121653726718
ENSG00000112782	CLIC5	TCGA-KICH	0.00135017531925403	4521.1627906977	1	0.0381359042995648
ENSG00000172465	TCEAL1	TCGA-KICH	0.00971686648899645	4522.4634146341	1	0.0987721979919973
ENSG00000133858	ZFC3H1	TCGA-KICH	0.000227079461195054	4522.5892857143	1	0.017154139486032
ENSG00000166523	CLEC4E	TCGA-KICH	0.0017060896614551	4523.7954545455	1	0.0417783271073446
ENSG00000139625	MAP3K12	TCGA-KICH	0.000700593278022916	4524.2678571429	1	0.0288487308160901
ENSG00000157227	MMP14	TCGA-KICH	0.00221924590078228	4524.5531914894	1	0.0470687793096713
ENSG00000139973	SYT16	TCGA-KICH	0.00254303242583073	4524.5641025641	1	0.0507206021784934
ENSG00000126581	BECN1	TCGA-KICH	0.00343636964874061	4525.1568627451	1	0.0605428602030592
ENSG00000157093	LYZL4	TCGA-KICH	0.0107639510596533	4527.0465116279	1	0.103596560228574
ENSG00000163288	GABRB1	TCGA-KICH	0.00272971875549667	4527.431372549	1	0.0528163134910593
ENSG00000071994	PDCD2	TCGA-KICH	0.00214883989499739	4528.0576923077	1	0.0465718079502431
ENSG00000135127	CCDC64	TCGA-KICH	0.00366828489760324	4528.8695652174	1	0.0622829666630826
ENSG00000123130	ACOT9	TCGA-KICH	0.00121664483241886	4529.0652173913	1	0.0361494749372691
ENSG00000143786	CNIH3	TCGA-KICH	0.0057287158578621	4531.1052631579	1	0.0771831987895498
ENSG00000168575	SLC20A2	TCGA-KICH	0.00538690530076355	4531.6136363636	1	0.0750407145211207
ENSG00000106538	RARRES2	TCGA-KICH	0.00847206945856262	4532.9069767442	1	0.0921740437356524
ENSG00000147183	CPXCR1	TCGA-KICH	0.00593972028637894	4534.0697674419	1	0.0782274838703608
ENSG00000130222	GADD45G	TCGA-KICH	0.00116319821492916	4534.4042553191	1	0.0357717212724507
ENSG00000115318	LOXL3	TCGA-KICH	0.00562016776763319	4534.9230769231	1	0.0763135540338939
ENSG00000169427	KCNK9	TCGA-KICH	0.0118474451395805	4535.3617021277	1	0.107805019267262
ENSG00000118785	SPP1	TCGA-KICH	0.00212420953790503	4536.4130434783	1	0.0465379148420644
ENSG00000146576	C7orf26	TCGA-KICH	0.00645661759583039	4538.1428571429	1	0.080783383435331
ENSG00000230797	YY2	TCGA-KICH	0.00158106260852428	4538.4	1	0.040193827893655
ENSG00000135297	MTO1	TCGA-KICH	0.00601877653495749	4538.6666666667	1	0.0787505769667845
ENSG00000177108	ZDHHC22	TCGA-KICH	0.0105953725409982	4540.3170731707	1	0.102897888957771
ENSG00000175619	OR4B1	TCGA-KICH	0.00207983291842478	4542.02	1	0.0460800155595436
ENSG00000106819	ASPN	TCGA-KICH	0.00489101221365075	4542.7333333333	1	0.0715992327254267
ENSG00000112249	ASCC3	TCGA-KICH	0.00358791678007196	4543.0769230769	1	0.0619186284836773
ENSG00000168298	HIST1H1E	TCGA-KICH	0.00065963196609532	4544.0408163265	1	0.0279807027087385
ENSG00000145740	SLC30A5	TCGA-KICH	0.000551832002189957	4545.2156862745	1	0.0253953721697476
ENSG00000170260	ZNF212	TCGA-KICH	0.00199667493589672	4545.6595744681	1	0.0451011975999801
ENSG00000083444	PLOD1	TCGA-KICH	0.00684849041110944	4546.1860465116	1	0.083342381408752
ENSG00000102858	MGRN1	TCGA-KICH	0.00364789002714617	4546.3636363636	1	0.0622829666630826
ENSG00000118434	SPACA1	TCGA-KICH	0.000804150830106667	4547.4	1	0.0306960553686027
ENSG00000157110	RBPMS	TCGA-KICH	0.00125646478013366	4549.0566037736	1	0.0369216210162212
ENSG00000213973	ZNF99	TCGA-KICH	0.00551494844728273	4549.2173913043	1	0.076008519262679
ENSG00000163702	IL17RC	TCGA-KICH	0.00115053910647306	4549.9591836735	1	0.0356400073310756
ENSG00000108861	DUSP3	TCGA-KICH	0.00290481767397632	4552.0185185185	1	0.0542395049393454
ENSG00000171540	OTP	TCGA-KICH	0.00678586963713649	4553.6976744186	1	0.0828050613128262
ENSG00000198113	TOR4A	TCGA-KICH	0.00170104940025198	4554.8571428571	1	0.0417186924119992
ENSG00000040199	PHLPP2	TCGA-KICH	0.00213129525159265	4555.0517241379	1	0.0465718079502431
ENSG00000168890	TMEM150A	TCGA-KICH	0.00301760106930459	4557.9795918367	1	0.0557866386115416
ENSG00000184144	CNTN2	TCGA-KICH	0.000603232566808283	4559.5882352941	1	0.0267611345081292
ENSG00000198517	MAFK	TCGA-KICH	0.00155948260808517	4560.4583333333	1	0.039968455804422
ENSG00000157657	ZNF618	TCGA-KICH	0.00977631323492987	4562.0789473684	1	0.0988500028747812
ENSG00000123505	AMD1	TCGA-KICH	0.000164668704928335	4562.75	1	0.0144899412605894
ENSG00000105514	RAB3D	TCGA-KICH	0.00558206519831254	4562.8510638298	1	0.0763135540338939
ENSG00000167130	DOLPP1	TCGA-KICH	0.00620195340872445	4563.4545454545	1	0.07981535503443
ENSG00000099284	H2AFY2	TCGA-KICH	0.00125390983146894	4564.2	1	0.0369142756451747
ENSG00000143631	FLG	TCGA-KICH	0.00535962202199767	4564.6326530612	1	0.0747685946709866
ENSG00000203907	OOEP	TCGA-KICH	0.00303056537458101	4564.7083333333	1	0.0558509832841368
ENSG00000124198	ARFGEF2	TCGA-KICH	0.00100418093510131	4565.0384615385	1	0.0338567530013632
ENSG00000159363	ATP13A2	TCGA-KICH	0.00150103201824748	4566.1458333333	1	0.0396683626604512
ENSG00000147588	PMP2	TCGA-KICH	0.0012986037435171	4566.152173913	1	0.0372266244367923
ENSG00000025156	HSF2	TCGA-KICH	0.0108788826904401	4566.4666666667	1	0.104065750902148
ENSG00000070614	NDST1	TCGA-KICH	0.0038949965298205	4566.9583333333	1	0.0637039641014232
ENSG00000196646	ZNF136	TCGA-KICH	0.00175745313727258	4567.0172413793	1	0.042464132786132
ENSG00000039319	ZFYVE16	TCGA-KICH	0.00107570479286656	4567.8148148148	1	0.0346306569378025
ENSG00000180891	CUEDC1	TCGA-KICH	0.00181935885588179	4568.5918367347	1	0.0431837449785258
ENSG00000123612	ACVR1C	TCGA-KICH	0.00163740241129646	4570.0172413793	1	0.0410375580859354
ENSG00000106809	OGN	TCGA-KICH	0.00256711602794332	4570.4693877551	1	0.0508875720787459
ENSG00000149257	SERPINH1	TCGA-KICH	0.00639349113043042	4570.5849056604	1	0.0804667263096156
ENSG00000183580	FBXL7	TCGA-KICH	0.00147789247953589	4570.6923076923	1	0.0395158416409118
ENSG00000159692	CTBP1	TCGA-KICH	0.00113372154335316	4571.1346153846	1	0.035286502178619
ENSG00000130635	COL5A1	TCGA-KICH	0.00149080034488838	4571.62	1	0.0395939759923507
ENSG00000143870	PDIA6	TCGA-KICH	0.00196728001493863	4573.7551020408	1	0.0450001563381207
ENSG00000124251	TP53TG5	TCGA-KICH	0.000795090883764317	4574.3018867925	1	0.0305356846606368
ENSG00000151239	TWF1	TCGA-KICH	0.00501867760989991	4574.5813953488	1	0.0722139460220549
ENSG00000005486	RHBDD2	TCGA-KICH	0.00156230117599552	4575.3518518519	1	0.039968455804422
ENSG00000122756	CNTFR	TCGA-KICH	0.00154568506815541	4575.7222222222	1	0.039917471473955
ENSG00000236126	CT47A3	TCGA-KICH	0.00240917414503819	4575.9230769231	1	0.0491502215704288
ENSG00000197591	OR11L1	TCGA-KICH	0.00256923815254777	4576.3333333333	1	0.0508875720787459
ENSG00000117620	SLC35A3	TCGA-KICH	0.00818382333122823	4576.6956521739	1	0.0906389561892255
ENSG00000053108	FSTL4	TCGA-KICH	0.00618270856177817	4576.7727272727	1	0.0797873308758077
ENSG00000197893	NRAP	TCGA-KICH	0.000966747900799622	4577.0384615385	1	0.0332241794663218
ENSG00000021762	OSBPL5	TCGA-KICH	0.00640656490527583	4579.2	1	0.0804667263096156
ENSG00000087470	DNM1L	TCGA-KICH	0.000662661425432739	4579.95	1	0.0279807027087385
ENSG00000006210	CX3CL1	TCGA-KICH	0.00217519059590878	4580.0576923077	1	0.0466341062831045
ENSG00000170485	NPAS2	TCGA-KICH	0.00479534294094495	4580.6875	1	0.0706380242988857
ENSG00000080572	PIH1D3	TCGA-KICH	0.00209033468595653	4582.2307692308	1	0.0461248408883301
ENSG00000176895	OR51A7	TCGA-KICH	0.00172430852281	4582.8867924528	1	0.0421600015157284
ENSG00000163933	RFT1	TCGA-KICH	0.00865359135686293	4583.5625	1	0.0930740534453726
ENSG00000076108	BAZ2A	TCGA-KICH	0.00332767002279076	4585.875	1	0.0590827443625211
ENSG00000167930	ITFG3	TCGA-KICH	0.00203248426071479	4585.9807692308	1	0.0453345897428237
ENSG00000109775	UFSP2	TCGA-KICH	0.0027194946893886	4586	1	0.0527637210106416
ENSG00000115539	PDCL3	TCGA-KICH	0.00367443416147349	4587.3265306122	1	0.0622829666630826
ENSG00000145287	PLAC8	TCGA-KICH	0.0019207180246622	4588.0416666667	1	0.0444025596554461
ENSG00000198650	TAT	TCGA-KICH	0.0138784998286546	4590.0930232558	1	0.116277422865424
ENSG00000274944	AL139260.3	TCGA-KICH	0.00455003212678979	4590.0975609756	1	0.0684856809309572
ENSG00000176986	SEC24C	TCGA-KICH	0.00253470753017693	4590.5918367347	1	0.0507206021784934
ENSG00000073969	NSF	TCGA-KICH	0.00221433362680101	4591.4038461538	1	0.0470687793096713
ENSG00000165704	HPRT1	TCGA-KICH	0.000100133130811426	4592.0980392157	1	0.0108799318359019
ENSG00000141577	AZI1	TCGA-KICH	0.00559011707956216	4592.1395348837	1	0.0763135540338939
ENSG00000169946	ZFPM2	TCGA-KICH	0.00711241171903783	4592.475	1	0.085021233809312
ENSG00000167302	ENTHD2	TCGA-KICH	0.00435188858922205	4592.7037037037	1	0.06733864324289
ENSG00000170835	CEL	TCGA-KICH	0.00016791546307805	4592.7608695652	1	0.0145438422917601
ENSG00000186088	GSAP	TCGA-KICH	0.00332517325761269	4594.88	1	0.0590827443625211
ENSG00000170324	FRMPD2	TCGA-KICH	0.00535600211913985	4595.3695652174	1	0.0747685946709866
ENSG00000167881	SRP68	TCGA-KICH	0.0015740827960885	4596.7872340426	1	0.0401867464097235
ENSG00000172938	MRGPRD	TCGA-KICH	0.00286234725397902	4598.1041666667	1	0.0539935115105702
ENSG00000008086	CDKL5	TCGA-KICH	0.00200639712022609	4598.1914893617	1	0.0451400964930772
ENSG00000146223	RPL7L1	TCGA-KICH	0.0056002478605421	4599.1777777778	1	0.0763135540338939
ENSG00000096395	MLN	TCGA-KICH	0.000831273444904379	4599.5357142857	1	0.0310561414293436
ENSG00000155846	PPARGC1B	TCGA-KICH	0.0101617805044634	4600.1351351351	1	0.100418170124928
ENSG00000110881	ASIC1	TCGA-KICH	0.00474999005792308	4602.18	1	0.0704226936845096
ENSG00000117305	HMGCL	TCGA-KICH	0.00391998974372028	4602.8409090909	1	0.0637204937611118
ENSG00000254901	MEF2BNB	TCGA-KICH	0.0026341158733514	4604.3333333333	1	0.0514863243598749
ENSG00000182255	KCNA4	TCGA-KICH	0.00152940056043487	4606.8510638298	1	0.039917471473955
ENSG00000179598	PLD6	TCGA-KICH	0.00259292445518954	4606.9423076923	1	0.0511377465565249
ENSG00000114812	VIPR1	TCGA-KICH	0.00274231725733107	4607.1063829787	1	0.0528163134910593
ENSG00000166368	OR2D2	TCGA-KICH	0.00389038454351595	4607.3095238095	1	0.0637039641014232
ENSG00000240204	SMKR1	TCGA-KICH	0.00430793955753057	4608.1071428571	1	0.0669172182481591
ENSG00000174652	ZNF266	TCGA-KICH	0.00054841119763881	4608.2037037037	1	0.0253618152389585
ENSG00000196358	NTNG2	TCGA-KICH	0.000351776182681854	4609.6607142857	1	0.0204119404552532
ENSG00000139437	TCHP	TCGA-KICH	0.00385317165993362	4609.7291666667	1	0.0636827080844551
ENSG00000141741	MIEN1	TCGA-KICH	0.00611590891784497	4610.2653061224	1	0.079308729813188
ENSG00000112511	PHF1	TCGA-KICH	0.00389478411924757	4613.1923076923	1	0.0637039641014232
ENSG00000185507	IRF7	TCGA-KICH	0.0147618216880546	4613.2142857143	1	0.119701556624908
ENSG00000166960	CCDC178	TCGA-KICH	0.000543386165531755	4613.6727272727	1	0.0253618152389585
ENSG00000239474	KLHL41	TCGA-KICH	0.00496792172240303	4614	1	0.0716980938809638
ENSG00000138135	CH25H	TCGA-KICH	0.00826901268988105	4614.24	1	0.0912040208184883
ENSG00000103855	CD276	TCGA-KICH	0.0089114479271365	4614.3409090909	1	0.0950625505667702
ENSG00000109171	SLAIN2	TCGA-KICH	0.0046384572505101	4614.8636363636	1	0.0694251335204853
ENSG00000105612	DNASE2	TCGA-KICH	0.0019266354763975	4618.1818181818	1	0.0444025596554461
ENSG00000170180	GYPA	TCGA-KICH	0.0036490751220644	4618.4523809524	1	0.0622829666630826
ENSG00000073050	XRCC1	TCGA-KICH	0.00179625187556383	4618.8095238095	1	0.0428778652669935
ENSG00000036549	ZZZ3	TCGA-KICH	0.0246331703601201	4619.6153846154	1	0.15086050604869
ENSG00000100219	XBP1	TCGA-KICH	0.000915953739872493	4619.7346938776	1	0.032168857772057
ENSG00000164136	IL15	TCGA-KICH	0.00503183420669483	4619.8679245283	1	0.0723382628547736
ENSG00000176887	SOX11	TCGA-KICH	0.00491095229168604	4621.4705882353	1	0.0716562272350188
ENSG00000212747	FAM127C	TCGA-KICH	0.00958104819713945	4622.7111111111	1	0.0981802310646752
ENSG00000196468	FGF16	TCGA-KICH	0.00970956190791172	4623.7659574468	1	0.0987721979919973
ENSG00000081377	CDC14B	TCGA-KICH	0.00346589599584697	4624.0652173913	1	0.0607257396583021
ENSG00000159374	M1AP	TCGA-KICH	0.0119491951815204	4624.1395348837	1	0.108325029953482
ENSG00000138772	ANXA3	TCGA-KICH	0.0060665169898168	4624.8260869565	1	0.0790093895975636
ENSG00000166669	ATF7IP2	TCGA-KICH	0.0070157365976521	4625.2790697674	1	0.0844154933218621
ENSG00000173567	GPR113	TCGA-KICH	0.00207543647391706	4628.5178571429	1	0.0460800155595436
ENSG00000131149	GSE1	TCGA-KICH	0.00444002670416282	4628.5961538462	1	0.0679150216496347
ENSG00000186184	POLR1D	TCGA-KICH	0.00529306933784164	4628.8085106383	1	0.0743604333509395
ENSG00000130827	PLXNA3	TCGA-KICH	0.00216706994599788	4628.8867924528	1	0.0465734044470374
ENSG00000167595	C19orf55	TCGA-KICH	0.00949550526169534	4628.94	1	0.0976440811956131
ENSG00000162735	PEX19	TCGA-KICH	0.0139490262800355	4629.7692307692	1	0.116472187630224
ENSG00000057593	F7	TCGA-KICH	0.0047515659741485	4629.7872340426	1	0.0704226936845096
ENSG00000151881	C5orf28	TCGA-KICH	0.00327369563217208	4631.3095238095	1	0.0585648747400583
ENSG00000160199	PKNOX1	TCGA-KICH	0.0113883172023045	4632.325	1	0.105881068719612
ENSG00000100442	FKBP3	TCGA-KICH	0.00232094755686381	4632.5192307692	1	0.0480853494478317
ENSG00000118094	TREH	TCGA-KICH	0.00219568110454661	4632.8085106383	1	0.0468397979110043
ENSG00000143476	DTL	TCGA-KICH	0.00804997261454773	4633.1951219512	1	0.0894038220679486
ENSG00000175455	CCDC14	TCGA-KICH	0.0087453740371781	4635.25	1	0.0939350537930296
ENSG00000129194	SOX15	TCGA-KICH	0.00314703595416742	4635.9607843137	1	0.0572410417473831
ENSG00000172062	SMN1	TCGA-KICH	0.0134362910769918	4638.24	1	0.114276262133842
ENSG00000214517	PPME1	TCGA-KICH	0.00140994953280227	4639.9482758621	1	0.0388797837690547
ENSG00000230031	POTEB2	TCGA-KICH	0.00130094157304956	4640.4047619048	1	0.0372266244367923
ENSG00000123240	OPTN	TCGA-KICH	0.00490942618667963	4641.6078431373	1	0.0716562272350188
ENSG00000108474	PIGL	TCGA-KICH	0.0059663674943744	4642.4423076923	1	0.0783850495671912
ENSG00000147144	CCDC120	TCGA-KICH	0.00905362513637007	4642.7045454545	1	0.0957054828772057
ENSG00000169504	CLIC4	TCGA-KICH	0.00511372164682636	4643.6981132075	1	0.073121653726718
ENSG00000154710	RABGEF1	TCGA-KICH	0.00753609598952428	4644.3617021277	1	0.0867653323308637
ENSG00000260537	RP11-529K1.3	TCGA-KICH	0.00379069631369281	4644.6181818182	1	0.0629751052528946
ENSG00000127586	CHTF18	TCGA-KICH	0.00347518102297567	4645.1153846154	1	0.0607587599158901
ENSG00000143157	POGK	TCGA-KICH	0.00744507933440719	4645.1764705882	1	0.0863381213182702
ENSG00000187051	RPS19BP1	TCGA-KICH	0.00746693259984311	4645.4814814815	1	0.086409604215468
ENSG00000126215	XRCC3	TCGA-KICH	0.000928568156302341	4646.3137254902	1	0.0323987342552984
ENSG00000206561	COLQ	TCGA-KICH	0.00221875456496401	4646.6875	1	0.0470687793096713
ENSG00000162040	HS3ST6	TCGA-KICH	0.00591667501152179	4648.14	1	0.0781429403622563
ENSG00000170296	GABARAP	TCGA-KICH	0.00631856034287382	4648.1458333333	1	0.080073538367043
ENSG00000079931	MOXD1	TCGA-KICH	0.00175981639315036	4648.4791666667	1	0.042464132786132
ENSG00000006071	ABCC8	TCGA-KICH	0.00137193120252783	4649.4444444444	1	0.0383446391073006
ENSG00000128923	FAM63B	TCGA-KICH	0.00177210610363439	4649.9591836735	1	0.042549144302406
ENSG00000039600	SOX30	TCGA-KICH	0.000330059268654215	4650	1	0.0196501828531496
ENSG00000108561	C1QBP	TCGA-KICH	0.00747334614549338	4650.0816326531	1	0.086409604215468
ENSG00000137720	C11orf1	TCGA-KICH	0.0187498017352277	4650.2926829268	1	0.132039727233023
ENSG00000179134	SAMD4B	TCGA-KICH	0.00374079007464588	4650.6037735849	1	0.0625352328240644
ENSG00000108784	NAGLU	TCGA-KICH	0.00440843660092328	4650.976744186	1	0.0677553859537297
ENSG00000125430	HS3ST3B1	TCGA-KICH	0.00153098882118577	4651.2978723404	1	0.039917471473955
ENSG00000179988	PSTK	TCGA-KICH	0.00390350901653107	4651.8536585366	1	0.0637039641014232
ENSG00000158050	DUSP2	TCGA-KICH	0.0117142992317096	4652.4444444444	1	0.107386664107515
ENSG00000177868	CCDC23	TCGA-KICH	0.0108485348936255	4653.1428571429	1	0.104041182614629
ENSG00000183647	ZNF530	TCGA-KICH	0.00425232944801308	4653.1698113208	1	0.0665699473215342
ENSG00000166317	SYNPO2L	TCGA-KICH	0.00546765989079174	4653.5476190476	1	0.0756170752599566
ENSG00000135451	TROAP	TCGA-KICH	0.00789967388910458	4654.1904761905	1	0.0888435936334339
ENSG00000133477	FAM83F	TCGA-KICH	0.0107581568028018	4654.2916666667	1	0.103596560228574
ENSG00000139178	C1RL	TCGA-KICH	0.00830159107935015	4654.7254901961	1	0.0913790968903162
ENSG00000198887	SMC5	TCGA-KICH	0.00688796076389703	4655.5102040816	1	0.0835237786932073
ENSG00000164331	ANKRA2	TCGA-KICH	0.00452336291996376	4655.72	1	0.0682711683324414
ENSG00000181004	BBS12	TCGA-KICH	0.00208029043081799	4656.3725490196	1	0.0460800155595436
ENSG00000143222	UFC1	TCGA-KICH	0.00580833383758301	4656.6086956522	1	0.0774825199302515
ENSG00000178700	DHFRL1	TCGA-KICH	0.00429190038162466	4657.9318181818	1	0.0667976526838863
ENSG00000165434	PGM2L1	TCGA-KICH	0.00417786698728615	4658.4150943396	1	0.0659847532558063
ENSG00000091157	WDR7	TCGA-KICH	0.00128607238123097	4658.7142857143	1	0.0372069430278778
ENSG00000163218	PGLYRP4	TCGA-KICH	0.00326477767554797	4660.0408163265	1	0.0585502961633826
ENSG00000206053	HN1L	TCGA-KICH	0.00278002658384789	4660.9347826087	1	0.0531925038713547
ENSG00000137573	SULF1	TCGA-KICH	0.00590855184163369	4661.9298245614	1	0.0781429403622563
ENSG00000183479	TREX2	TCGA-KICH	0.00475750160134737	4662.7727272727	1	0.0704226936845096
ENSG00000181467	RAP2B	TCGA-KICH	0.0055872522801807	4663.1041666667	1	0.0763135540338939
ENSG00000162654	GBP4	TCGA-KICH	0.0129076982089356	4663.4	1	0.112351554573146
ENSG00000111641	NOP2	TCGA-KICH	0.014506448463108	4665.2666666667	1	0.118575315218379
ENSG00000188042	ARL4C	TCGA-KICH	0.00632976173504611	4665.3695652174	1	0.080073538367043
ENSG00000184897	H1FX	TCGA-KICH	0.0109824411257078	4666.6530612245	1	0.104572691813922
ENSG00000087510	TFAP2C	TCGA-KICH	0.0032727153230454	4666.6808510638	1	0.0585648747400583
ENSG00000075043	KCNQ2	TCGA-KICH	0.00739602138022548	4667.6170212766	1	0.0862632018329119
ENSG00000122728	TAF1L	TCGA-KICH	0.0103820671801419	4669.08	1	0.101359260122853
ENSG00000090776	EFNB1	TCGA-KICH	0.00941897892845358	4670.26	1	0.097319320993022
ENSG00000165264	NDUFB6	TCGA-KICH	0.00604904715660346	4671.64	1	0.0789531297579498
ENSG00000169877	AHSP	TCGA-KICH	0.0027857055549371	4672.8723404255	1	0.0532375590242454
ENSG00000120314	WDR55	TCGA-KICH	0.0169136980184044	4674.1111111111	1	0.127529601584156
ENSG00000081051	AFP	TCGA-KICH	0.00560032137678212	4674.2181818182	1	0.0763135540338939
ENSG00000009307	CSDE1	TCGA-KICH	0.0125198611871934	4674.3111111111	1	0.110532291572714
ENSG00000148408	CACNA1B	TCGA-KICH	0.00965582465412911	4675.6923076923	1	0.0987382394176628
ENSG00000185630	PBX1	TCGA-KICH	0.00573586231403207	4676.8444444444	1	0.0771931386211963
ENSG00000146842	TMEM209	TCGA-KICH	0.00496165229823111	4677.4375	1	0.0716980938809638
ENSG00000021826	CPS1	TCGA-KICH	0.00427330898833831	4677.6530612245	1	0.0666378222475542
ENSG00000119977	TCTN3	TCGA-KICH	0.00561372142106878	4677.880952381	1	0.0763135540338939
ENSG00000155313	USP25	TCGA-KICH	0.00133803872716136	4679.625	1	0.0379268853371489
ENSG00000112293	GPLD1	TCGA-KICH	0.00418400871910788	4680.4583333333	1	0.0660021809337683
ENSG00000163634	THOC7	TCGA-KICH	0.00151042167720665	4681.3278688525	1	0.0397198738267068
ENSG00000198682	PAPSS2	TCGA-KICH	0.00802031775789677	4681.8679245283	1	0.0893698127899275
ENSG00000143194	MAEL	TCGA-KICH	0.00525205554733039	4681.9615384615	1	0.0740986042496144
ENSG00000101181	MTG2	TCGA-KICH	0.00197852676844606	4682.1666666667	1	0.0450144371456825
ENSG00000162104	ADCY9	TCGA-KICH	0.0079429011290566	4682.4727272727	1	0.0889349148148638
ENSG00000162594	IL23R	TCGA-KICH	0.0193818108848501	4684.4444444444	1	0.134231723838738
ENSG00000156110	ADK	TCGA-KICH	0.00414036614276921	4684.7735849057	1	0.0657791261330958
ENSG00000249915	PDCD6	TCGA-KICH	0.00923052199093052	4685.3125	1	0.0965557215445802
ENSG00000165312	OTUD1	TCGA-KICH	0.00848479408719052	4685.5416666667	1	0.0921872301942715
ENSG00000127080	IPPK	TCGA-KICH	0.0100704479735595	4686.1363636364	1	0.0999864998738721
ENSG00000068654	POLR1A	TCGA-KICH	0.0109036734320203	4686.4186046512	1	0.104065750902148
ENSG00000159479	MED8	TCGA-KICH	0.0110245478904624	4686.8048780488	1	0.104655570565212
ENSG00000159110	IFNAR2	TCGA-KICH	0.0143769053723125	4686.9361702128	1	0.118196170193832
ENSG00000178921	PFAS	TCGA-KICH	0.00739705259591575	4687.78	1	0.0862632018329119
ENSG00000153820	SPHKAP	TCGA-KICH	0.0106995628755078	4687.862745098	1	0.103237613356555
ENSG00000154265	ABCA5	TCGA-KICH	0.000735536957804261	4688.5535714286	1	0.029522868118384
ENSG00000124568	SLC17A1	TCGA-KICH	0.00560142905895354	4689.36	1	0.0763135540338939
ENSG00000164494	PDSS2	TCGA-KICH	0.00280293195146464	4690.6111111111	1	0.0534716559240682
ENSG00000159208	C1orf51	TCGA-KICH	0.0054742859402735	4690.7142857143	1	0.0756433902791028
ENSG00000187010	RHD	TCGA-KICH	0.00496357866523063	4691.125	1	0.0716980938809638
ENSG00000103266	STUB1	TCGA-KICH	0.00646847080511299	4691.8771929825	1	0.0808685089335554
ENSG00000124467	PSG8	TCGA-KICH	0.00814164109971412	4692	1	0.0902966635816632
ENSG00000120337	TNFSF18	TCGA-KICH	0.0179617707350469	4692.5869565217	1	0.129926720109203
ENSG00000184402	SS18L1	TCGA-KICH	0.00631882531374403	4692.8846153846	1	0.080073538367043
ENSG00000101230	ISM1	TCGA-KICH	0.00352803718046308	4693.1224489796	1	0.0614815184386466
ENSG00000064199	SPA17	TCGA-KICH	0.00222496434599266	4693.3333333333	1	0.0470710752986426
ENSG00000006611	USH1C	TCGA-KICH	0.00766298784439561	4693.9565217391	1	0.087285028682785
ENSG00000120049	KCNIP2	TCGA-KICH	0.00149818416190308	4693.9833333333	1	0.039658544384922
ENSG00000214530	STARD10	TCGA-KICH	0.0122936782162759	4694.125	1	0.109376148196902
ENSG00000136514	RTP4	TCGA-KICH	0.00236913081462102	4694.4576271186	1	0.0487681619487862
ENSG00000108840	HDAC5	TCGA-KICH	0.0141406597329826	4695.347826087	1	0.117338168716951
ENSG00000117133	RPF1	TCGA-KICH	0.0138342244163915	4695.4888888889	1	0.116277422865424
ENSG00000135631	RAB11FIP5	TCGA-KICH	0.00539318528965407	4695.76	1	0.0750407145211207
ENSG00000131864	USP29	TCGA-KICH	0.000888250442980876	4696.1818181818	1	0.0320078226356775
ENSG00000005844	ITGAL	TCGA-KICH	0.0236599885288913	4698.7	1	0.148176236781344
ENSG00000256771	ZNF253	TCGA-KICH	0.00460557985666608	4698.7358490566	1	0.0689975317160967
ENSG00000183576	SETD3	TCGA-KICH	0.00202870869135381	4699.0212765957	1	0.0453345897428237
ENSG00000143256	PFDN2	TCGA-KICH	0.00417238783656174	4699.3928571429	1	0.0659632687093151
ENSG00000102287	GABRE	TCGA-KICH	0.0200769596133084	4700.0612244898	1	0.136938887652101
ENSG00000162836	ACP6	TCGA-KICH	0.0172001653347578	4700.5869565217	1	0.128205479851552
ENSG00000133943	C14orf159	TCGA-KICH	0.00265214823357315	4700.6730769231	1	0.0516717201468053
ENSG00000141759	TXNL4A	TCGA-KICH	0.00505577144692531	4700.7254901961	1	0.0725521323678395
ENSG00000196150	ZNF250	TCGA-KICH	0.00369145910098061	4701.962962963	1	0.0622958034796675
ENSG00000196876	SCN8A	TCGA-KICH	0.00141527641893403	4702.1555555556	1	0.0388797837690547
ENSG00000169905	TOR1AIP2	TCGA-KICH	0.0103324269527702	4703.1132075472	1	0.101185601956179
ENSG00000123989	CHPF	TCGA-KICH	0.00323312743010524	4703.1454545455	1	0.0583091619292066
ENSG00000146755	TRIM50	TCGA-KICH	0.00370292385373637	4703.5818181818	1	0.0623666706216463
ENSG00000111328	CDK2AP1	TCGA-KICH	0.00923037945617361	4704.2820512821	1	0.0965557215445802
ENSG00000137692	DCUN1D5	TCGA-KICH	0.0280792390312639	4705.9069767442	1	0.159577364473276
ENSG00000111142	METAP2	TCGA-KICH	0.00353745889865714	4706.3103448276	1	0.0615787002847762
ENSG00000167772	ANGPTL4	TCGA-KICH	0.0044868028970957	4706.4	1	0.0682659592294502
ENSG00000164292	RHOBTB3	TCGA-KICH	0.0129976461715582	4706.7446808511	1	0.112627918757008
ENSG00000121644	DESI2	TCGA-KICH	0.00306901208643922	4707.2549019608	1	0.0563003763623415
ENSG00000074211	PPP2R2C	TCGA-KICH	0.000977483016724643	4708.8392857143	1	0.033378231370672
ENSG00000065615	CYB5R4	TCGA-KICH	0.00921671410125473	4708.8974358974	1	0.0965557215445802
ENSG00000174225	ARL13A	TCGA-KICH	0.00513421437011082	4709.2826086957	1	0.0732185602291406
ENSG00000138078	PREPL	TCGA-KICH	0.00950528395778712	4709.5909090909	1	0.0976440811956131
ENSG00000174417	TRHR	TCGA-KICH	0.00174271373825768	4709.6296296296	1	0.042464132786132
ENSG00000140015	KCNH5	TCGA-KICH	0.00980658392378097	4709.7	1	0.0988500028747812
ENSG00000244094	SPRR2F	TCGA-KICH	0.00409037252687628	4710.0392156863	1	0.0653765628921394
ENSG00000173933	RBM4	TCGA-KICH	0.00447534442357921	4710.2352941176	1	0.0682596580415438
ENSG00000176681	LRRC37A	TCGA-KICH	0.00650225234594051	4710.7894736842	1	0.0810377986927917
ENSG00000187713	TMEM203	TCGA-KICH	0.00937978021298718	4710.9591836735	1	0.0972107546890785
ENSG00000142089	IFITM3	TCGA-KICH	0.00175327672071498	4712.7037037037	1	0.042464132786132
ENSG00000167987	VPS37C	TCGA-KICH	0.0237040484136538	4712.775	1	0.148213455597018
ENSG00000155621	C9orf85	TCGA-KICH	0.00835413018525328	4712.8913043478	1	0.0915125820224564
ENSG00000105676	ARMC6	TCGA-KICH	0.00294423965761427	4713.6428571429	1	0.0547642254549274
ENSG00000147669	POLR2K	TCGA-KICH	0.00254315601307088	4713.875	1	0.0507206021784934
ENSG00000149100	EIF3M	TCGA-KICH	0.00858006055835608	4714.7142857143	1	0.092789152883597
ENSG00000108878	CACNG1	TCGA-KICH	0.0117956071568629	4714.8235294118	1	0.107516589992692
ENSG00000165568	AKR1E2	TCGA-KICH	0.0168577241319273	4715	1	0.127347383006045
ENSG00000079308	TNS1	TCGA-KICH	0.00620891957777542	4715.25	1	0.07981535503443
ENSG00000166510	CCDC68	TCGA-KICH	0.000365741630075307	4715.75	1	0.0206973576171592
ENSG00000136098	NEK3	TCGA-KICH	0.00227892643704694	4716.0689655172	1	0.0475687183256899
ENSG00000134376	CRB1	TCGA-KICH	0.00454602708831299	4716.5	1	0.0684856809309572
ENSG00000078900	TP73	TCGA-KICH	0.00548606272129306	4716.5227272727	1	0.0756755335758039
ENSG00000044459	CNTLN	TCGA-KICH	0.00175404104486266	4717.4347826087	1	0.042464132786132
ENSG00000274523	RCC1L	TCGA-KICH	0.00242071590140028	4717.6470588235	1	0.0492601844484441
ENSG00000276345	AC004556.3	TCGA-KICH	0.0031982866978049	4718.4363636364	1	0.0578763406388085
ENSG00000104415	WISP1	TCGA-KICH	0.00476227144928654	4718.6153846154	1	0.0704226936845096
ENSG00000182197	EXT1	TCGA-KICH	0.00220524489116236	4718.68	1	0.0469640916648474
ENSG00000127241	MASP1	TCGA-KICH	0.0119548411610195	4718.8666666667	1	0.108325029953482
ENSG00000111780	AL021546.6	TCGA-KICH	0.00477573940103238	4719.3559322034	1	0.0704916742004917
ENSG00000089006	SNX5	TCGA-KICH	0.00544039178014146	4719.612244898	1	0.0754841761980925
ENSG00000137942	FNBP1L	TCGA-KICH	0.0179781680059845	4719.6428571429	1	0.12998661878819
ENSG00000161618	ALDH16A1	TCGA-KICH	0.0215609373848841	4720	1	0.142449840024307
ENSG00000162591	MEGF6	TCGA-KICH	0.00856631150579481	4720.6595744681	1	0.0927582682659255
ENSG00000135637	CCDC142	TCGA-KICH	0.00762202824310354	4721.9333333333	1	0.0870661785401591
ENSG00000116783	TNNI3K	TCGA-KICH	0.00797812133977144	4722	1	0.0890380580184248
ENSG00000123360	PDE1B	TCGA-KICH	0.0128892086847092	4723.1914893617	1	0.112351554573146
ENSG00000163995	ABLIM2	TCGA-KICH	0.0274614921090784	4724.2093023256	1	0.158282958762171
ENSG00000175189	INHBC	TCGA-KICH	0.00929588120650035	4724.2549019608	1	0.0968605842219196
ENSG00000111674	ENO2	TCGA-KICH	0.0106014059806632	4724.5714285714	1	0.102897888957771
ENSG00000046774	MAGEC2	TCGA-KICH	0.00370576322069786	4724.9166666667	1	0.0623666706216463
ENSG00000078124	ACER3	TCGA-KICH	0.016408264459248	4725.4042553191	1	0.125744714466201
ENSG00000204231	RXRB	TCGA-KICH	0.00930805114689567	4726.4222222222	1	0.0968605842219196
ENSG00000180758	GPR157	TCGA-KICH	0.00729342634822481	4727.75	1	0.0857334238763745
ENSG00000156232	WHAMM	TCGA-KICH	0.0171740228926654	4729.2173913043	1	0.128205479851552
ENSG00000204301	NOTCH4	TCGA-KICH	0.00175126773745259	4729.306122449	1	0.042464132786132
ENSG00000157851	DPYSL5	TCGA-KICH	0.0233765186730548	4729.55	1	0.147566001793052
ENSG00000019549	SNAI2	TCGA-KICH	0.0047820967184896	4729.8947368421	1	0.0705205146838038
ENSG00000160124	CCDC58	TCGA-KICH	0.0115361167196642	4730.7659574468	1	0.106481210775273
ENSG00000117174	ZNHIT6	TCGA-KICH	0.0128401127893605	4731.511627907	1	0.112295036180454
ENSG00000130024	PHF10	TCGA-KICH	0.00240588342446122	4731.8363636364	1	0.0491456926565642
ENSG00000240065	PSMB9	TCGA-KICH	0.00637562112075749	4731.9591836735	1	0.0804667263096156
ENSG00000160752	FDPS	TCGA-KICH	0.00886469682278645	4732.54	1	0.0948780872559194
ENSG00000119397	CNTRL	TCGA-KICH	0.00711781769356535	4732.5614035088	1	0.085021233809312
ENSG00000105298	CACTIN	TCGA-KICH	0.0126295133149464	4733.8222222222	1	0.111074964371697
ENSG00000085999	RAD54L	TCGA-KICH	0.0140032742254578	4733.84	1	0.116742549047739
ENSG00000122952	ZWINT	TCGA-KICH	0.00046385147954426	4734.9545454545	1	0.023582798237782
ENSG00000138400	MDH1B	TCGA-KICH	0.0145456312047582	4736.0204081633	1	0.118665889163355
ENSG00000138080	EMILIN1	TCGA-KICH	0.0132722822145962	4736.3409090909	1	0.113726912609288
ENSG00000204120	GIGYF2	TCGA-KICH	0.000665666420982165	4736.612244898	1	0.0279807027087385
ENSG00000215788	TNFRSF25	TCGA-KICH	0.00617867622051963	4736.7346938776	1	0.0797873308758077
ENSG00000186854	TRABD2A	TCGA-KICH	0.00415510711488234	4736.8461538462	1	0.0658851885592481
ENSG00000149929	HIRIP3	TCGA-KICH	0.00727309442050314	4737.320754717	1	0.0857090560296967
ENSG00000105849	TWISTNB	TCGA-KICH	0.00452725449697488	4738.04	1	0.0682711683324414
ENSG00000184056	VPS33B	TCGA-KICH	0.0102924953433541	4738.0576923077	1	0.10105465865043
ENSG00000160654	CD3G	TCGA-KICH	0.00367683185576873	4738.12	1	0.0622829666630826
ENSG00000130699	TAF4	TCGA-KICH	0.00407109898358453	4738.1428571429	1	0.0653293088397859
ENSG00000105447	GRWD1	TCGA-KICH	0.00416337475646771	4738.9	1	0.0658858169217691
ENSG00000122644	ARL4A	TCGA-KICH	0.00826785696479282	4739.0588235294	1	0.0912040208184883
ENSG00000204856	FAM216A	TCGA-KICH	0.00676956507205179	4739.0612244898	1	0.0827592249075644
ENSG00000179387	ELMOD2	TCGA-KICH	0.00997269444270931	4739.1428571429	1	0.0994798761306981
ENSG00000178175	ZNF366	TCGA-KICH	0.0115583000882584	4739.5135135135	1	0.106505279581967
ENSG00000167360	OR51Q1	TCGA-KICH	0.00626436114129904	4739.6111111111	1	0.0800536343639416
ENSG00000117601	SERPINC1	TCGA-KICH	0.0126986992871974	4740.5490196078	1	0.111457792270976
ENSG00000131370	SH3BP5	TCGA-KICH	0.00632457329022084	4740.6730769231	1	0.080073538367043
ENSG00000146731	CCT6A	TCGA-KICH	0.00859813318009728	4740.7727272727	1	0.092789152883597
ENSG00000266967	AARSD1	TCGA-KICH	0.0127012470118346	4740.9534883721	1	0.111457792270976
ENSG00000256762	STH	TCGA-KICH	0.00361856538179931	4740.9807692308	1	0.0622463207191364
ENSG00000198000	NOL8	TCGA-KICH	0.0205836657298072	4741.5238095238	1	0.138713517312957
ENSG00000124469	CEACAM8	TCGA-KICH	0.00668711728956659	4741.6458333333	1	0.0820645083466736
ENSG00000197616	MYH6	TCGA-KICH	0.0111547133178208	4741.8085106383	1	0.104989914258443
ENSG00000150510	FAM124A	TCGA-KICH	0.00699720410954913	4742.5	1	0.0843192052779754
ENSG00000015532	XYLT2	TCGA-KICH	0.0106127653167185	4742.6862745098	1	0.102918273225928
ENSG00000167604	NFKBID	TCGA-KICH	0.0210358725831882	4744.7	1	0.140144306606359
ENSG00000182508	LHFPL1	TCGA-KICH	0.00787798889440947	4744.7872340426	1	0.0887867643518422
ENSG00000135040	NAA35	TCGA-KICH	0.00575523161955049	4744.9272727273	1	0.0773887778229229
ENSG00000197579	TOPORS	TCGA-KICH	0.0186647956778075	4745.2093023256	1	0.131855625399244
ENSG00000100243	CYB5R3	TCGA-KICH	0.00257321851156871	4745.86	1	0.0508875720787459
ENSG00000161298	ZNF382	TCGA-KICH	0.00590057589364151	4746.976744186	1	0.0781429403622563
ENSG00000213892	CEACAM16	TCGA-KICH	0.00613320493864792	4748.06	1	0.0794365405948432
ENSG00000148180	GSN	TCGA-KICH	0.00789071818266062	4748.2954545455	1	0.0888435936334339
ENSG00000110841	PPFIBP1	TCGA-KICH	0.00728803570982863	4748.4705882353	1	0.0857334238763745
ENSG00000247315	AL034548.1	TCGA-KICH	0.00756728823016937	4748.8461538462	1	0.0867941280469559
ENSG00000173442	EHBP1L1	TCGA-KICH	0.00501197390310776	4749.0892857143	1	0.0721823399804594
ENSG00000163900	TMEM41A	TCGA-KICH	0.00799085430150703	4749.4473684211	1	0.0891180582441749
ENSG00000106069	CHN2	TCGA-KICH	0.0182177795339212	4749.9607843137	1	0.130481994291479
ENSG00000151882	CCL28	TCGA-KICH	0.0147299114751435	4750.8913043478	1	0.119503309156243
ENSG00000119862	LGALSL	TCGA-KICH	0.00619580733073882	4751.2641509434	1	0.07981535503443
ENSG00000175309	PHYKPL	TCGA-KICH	0.0226763737929254	4751.4791666667	1	0.145460764907541
ENSG00000110400	PVRL1	TCGA-KICH	0.0250645977987568	4752.55	1	0.152170551454978
ENSG00000111846	GCNT2	TCGA-KICH	0.0204264870358902	4753.2727272727	1	0.138052254096751
ENSG00000197046	SIGLEC15	TCGA-KICH	0.00436186465813331	4753.6862745098	1	0.0673628375120588
ENSG00000180806	HOXC9	TCGA-KICH	0.0249689666542353	4754.023255814	1	0.151756357103445
ENSG00000008282	SYPL1	TCGA-KICH	0.00373137471425115	4754.7450980392	1	0.0625130133638409
ENSG00000106328	FSCN3	TCGA-KICH	0.00621478287405147	4754.9777777778	1	0.07981535503443
ENSG00000213416	KRTAP4-12	TCGA-KICH	0.0115490392205214	4755.5217391304	1	0.106481210775273
ENSG00000123496	IL13RA2	TCGA-KICH	0.0117554072550994	4756.125	1	0.107485779176637
ENSG00000187021	PNLIPRP1	TCGA-KICH	0.0225128238421247	4756.1282051282	1	0.145029313689311
ENSG00000133302	ANKRD32	TCGA-KICH	0.0013991374507027	4756.2352941176	1	0.0388797837690547
ENSG00000133321	RARRES3	TCGA-KICH	0.0110073838888077	4756.4117647059	1	0.104655570565212
ENSG00000243414	TICAM2	TCGA-KICH	0.00862602863224935	4756.5	1	0.0928818368231961
ENSG00000131650	KREMEN2	TCGA-KICH	0.0104828826364368	4756.5111111111	1	0.10193282660749
ENSG00000124140	SLC12A5	TCGA-KICH	0.00225168711251187	4757.1	1	0.0474128614769353
ENSG00000087302	C14orf166	TCGA-KICH	0.00683918605698283	4757.66	1	0.0832924446407452
ENSG00000106128	GHRHR	TCGA-KICH	0.00591447186800231	4758.02	1	0.0781429403622563
ENSG00000162924	REL	TCGA-KICH	0.0072965755069309	4758.4259259259	1	0.0857334238763745
ENSG00000178795	GDPD4	TCGA-KICH	0.00692406456576016	4759.0185185185	1	0.0837150585875788
ENSG00000213214	ARHGEF35	TCGA-KICH	0.0116278218610844	4759.94	1	0.106716084301012
ENSG00000007866	TEAD3	TCGA-KICH	0.0146625470732551	4759.9583333333	1	0.119137844433374
ENSG00000130876	SLC7A10	TCGA-KICH	0.00512124266347017	4760.0612244898	1	0.0731638726632246
ENSG00000126945	HNRNPH2	TCGA-KICH	0.0294360897851223	4760.4651162791	1	0.163439969678365
ENSG00000155530	LRGUK	TCGA-KICH	0.00972653440804152	4760.6304347826	1	0.0987764416897812
ENSG00000269955	LUC7L2	TCGA-KICH	0.00718746102284701	4760.8103448276	1	0.0852381748322292
ENSG00000198925	ATG9A	TCGA-KICH	0.0106809182090601	4760.8269230769	1	0.103237613356555
ENSG00000086159	AQP6	TCGA-KICH	0.0122051521471795	4761.9591836735	1	0.109152006763204
ENSG00000163072	NOSTRIN	TCGA-KICH	0.00491961701834965	4762.0212765957	1	0.0716562272350188
ENSG00000095787	WAC	TCGA-KICH	0.00118700726147602	4762.0526315789	1	0.0358002284228596
ENSG00000144959	NCEH1	TCGA-KICH	0.0204535595332231	4762.1363636364	1	0.138096018517946
ENSG00000065135	GNAI3	TCGA-KICH	0.0185532094645523	4762.25	1	0.131440716589447
ENSG00000168148	HIST3H3	TCGA-KICH	0.00692616001427049	4762.4716981132	1	0.0837150585875788
ENSG00000001561	ENPP4	TCGA-KICH	0.0201532526180199	4762.5869565217	1	0.137167165608835
ENSG00000253293	HOXA10	TCGA-KICH	0.00889631025553196	4762.8085106383	1	0.0950463033638055
ENSG00000260456	C16orf95	TCGA-KICH	0.00792575950502398	4763.3125	1	0.088897194142964
ENSG00000176390	CRLF3	TCGA-KICH	0.00854380701458495	4763.3863636364	1	0.0926398573720907
ENSG00000151748	SAV1	TCGA-KICH	0.000656587004120446	4763.8545454545	1	0.0279807027087385
ENSG00000185862	EVI2B	TCGA-KICH	0.0258197038082676	4764.2790697674	1	0.15458039494931
ENSG00000169126	ARMC4	TCGA-KICH	0.0375935248675249	4765.5714285714	1	0.183947540712927
ENSG00000149716	ORAOV1	TCGA-KICH	0.00778701654117338	4765.7959183673	1	0.0881488779703258
ENSG00000124608	AARS2	TCGA-KICH	0.00245183768843863	4766.7450980392	1	0.0497670222818057
ENSG00000168398	BDKRB2	TCGA-KICH	0.0211939238563119	4767.0784313725	1	0.140721679336167
ENSG00000122557	HERPUD2	TCGA-KICH	0.021979956127788	4767.380952381	1	0.143422046239392
ENSG00000057608	GDI2	TCGA-KICH	0.00324517474590771	4767.4339622642	1	0.0583949141075415
ENSG00000108010	GLRX3	TCGA-KICH	0.00633103590567453	4767.7547169811	1	0.080073538367043
ENSG00000155367	PPM1J	TCGA-KICH	0.0168431643451445	4768.306122449	1	0.127297440768046
ENSG00000164167	LSM6	TCGA-KICH	0.0114854298615968	4770.2156862745	1	0.106227670961158
ENSG00000133027	PEMT	TCGA-KICH	0.00421238459396842	4770.7254901961	1	0.0662034732800826
ENSG00000138439	FAM117B	TCGA-KICH	0.0130984545034203	4771.8	1	0.112998287451282
ENSG00000170776	AKAP13	TCGA-KICH	0.0202766455763797	4772.3653846154	1	0.13771920817381
ENSG00000243927	MRPS6	TCGA-KICH	0.0104075966866635	4772.5	1	0.101447146035858
ENSG00000106868	SUSD1	TCGA-KICH	0.0161491671983077	4772.8444444444	1	0.12494217956581
ENSG00000104755	ADAM2	TCGA-KICH	0.0127902104834349	4772.8775510204	1	0.111993013062991
ENSG00000168140	VASN	TCGA-KICH	0.0136165902507565	4774.2564102564	1	0.115354302687209
ENSG00000179564	LSMEM2	TCGA-KICH	0.0114944096609142	4774.4130434783	1	0.106227670961158
ENSG00000129455	KLK8	TCGA-KICH	0.00966939484356046	4775.9777777778	1	0.0987382394176628
ENSG00000169371	SNUPN	TCGA-KICH	0.011485084330642	4777.9347826087	1	0.106227670961158
ENSG00000018280	SLC11A1	TCGA-KICH	0.00475025409654425	4778.0204081633	1	0.0704226936845096
ENSG00000118702	GHRH	TCGA-KICH	0.0100423551586179	4778.1086956522	1	0.0998463571900833
ENSG00000123838	C4BPA	TCGA-KICH	0.00723476931876021	4778.2692307692	1	0.085408350706219
ENSG00000256812	CAPNS2	TCGA-KICH	0.0172869027709912	4780.15	1	0.128205479851552
ENSG00000107187	LHX3	TCGA-KICH	0.0189508660899582	4780.6170212766	1	0.132724476550356
ENSG00000135164	DMTF1	TCGA-KICH	0.00570753741383632	4780.625	1	0.0770710047913901
ENSG00000221931	OR6X1	TCGA-KICH	0.026476055905387	4780.9487179487	1	0.156232142713623
ENSG00000102967	DHODH	TCGA-KICH	0.00784400008556855	4781.0892857143	1	0.0885907343937802
ENSG00000144485	HES6	TCGA-KICH	0.00613568533973281	4781.2	1	0.0794365405948432
ENSG00000096092	TMEM14A	TCGA-KICH	0.00718820407202954	4781.8541666667	1	0.0852381748322292
ENSG00000161800	RACGAP1	TCGA-KICH	0.00649687926823706	4781.8541666667	1	0.0810338952342808
ENSG00000205899	BHLHA9	TCGA-KICH	0.00653971836875091	4781.9824561404	1	0.0811888292058495
ENSG00000174740	PABPC5	TCGA-KICH	0.00901476717564867	4782.0625	1	0.0953845195780498
ENSG00000125954	CHURC1-FNTB	TCGA-KICH	0.00381478424959468	4783	1	0.0631133985095649
ENSG00000215269	GAGE12G	TCGA-KICH	0.00364740426308367	4783.2040816327	1	0.0622829666630826
ENSG00000275342	PRAG1	TCGA-KICH	0.0168909295246914	4783.5333333333	1	0.127477962458969
ENSG00000186260	MKL2	TCGA-KICH	0.00364419204787762	4784.3958333333	1	0.0622829666630826
ENSG00000124701	APOBEC2	TCGA-KICH	0.0245165104103141	4784.46	1	0.150566505308661
ENSG00000077157	PPP1R12B	TCGA-KICH	0.0157537568299366	4784.7307692308	1	0.123813369339459
ENSG00000196792	STRN3	TCGA-KICH	0.016114901641639	4785.1224489796	1	0.12494217956581
ENSG00000160410	SHKBP1	TCGA-KICH	0.00525641218881607	4785.2549019608	1	0.0740986042496144
ENSG00000146909	NOM1	TCGA-KICH	0.0279181813148522	4785.3414634146	1	0.159113762902975
ENSG00000151952	TMEM132D	TCGA-KICH	0.015029224646146	4785.9019607843	1	0.120829835696801
ENSG00000140092	FBLN5	TCGA-KICH	0.0109829077509221	4785.914893617	1	0.104572691813922
ENSG00000099958	DERL3	TCGA-KICH	0.010688689063962	4786.1428571429	1	0.103237613356555
ENSG00000174720	LARP7	TCGA-KICH	0.0107008703198178	4787.0784313725	1	0.103237613356555
ENSG00000171262	FAM98B	TCGA-KICH	0.0129268327867774	4787.1304347826	1	0.112351554573146
ENSG00000179407	DNAJB8	TCGA-KICH	0.00723015257113771	4787.7826086957	1	0.085408350706219
ENSG00000204713	TRIM27	TCGA-KICH	0.0073747378025394	4788.2608695652	1	0.0861461895752505
ENSG00000176920	FUT2	TCGA-KICH	0.012313385780996	4788.5555555556	1	0.109376148196902
ENSG00000178172	SPINK6	TCGA-KICH	0.0181948397477504	4789.3488372093	1	0.130434359248085
ENSG00000177054	ZDHHC13	TCGA-KICH	0.00769378236685879	4789.75	1	0.0874492012812232
ENSG00000131069	ACSS2	TCGA-KICH	0.0181745893983482	4789.8076923077	1	0.130347536594064
ENSG00000160882	CYP11B1	TCGA-KICH	0.0111775088236431	4790.5714285714	1	0.104989914258443
ENSG00000188910	GJB3	TCGA-KICH	0.00422679445266726	4790.7454545455	1	0.0663399867115794
ENSG00000106952	TNFSF8	TCGA-KICH	0.0078227107757599	4790.7727272727	1	0.0884750798543749
ENSG00000154511	FAM69A	TCGA-KICH	0.0182498453755984	4791.619047619	1	0.130496280975418
ENSG00000140750	ARHGAP17	TCGA-KICH	0.0192681289687087	4791.7872340426	1	0.133877192574613
ENSG00000175826	CTDNEP1	TCGA-KICH	0.0199365790375308	4792.1777777778	1	0.136504623038074
ENSG00000176009	ASCL3	TCGA-KICH	0.00577077109339988	4792.6470588235	1	0.077402763032495
ENSG00000215183	MSMP	TCGA-KICH	0.0267371921511586	4793.1020408163	1	0.156848400110185
ENSG00000180090	OR3A1	TCGA-KICH	0.0231631776545112	4793.3777777778	1	0.146865607145947
ENSG00000186191	BPIFB4	TCGA-KICH	0.00861939749101186	4793.4042553191	1	0.0928818368231961
ENSG00000154310	TNIK	TCGA-KICH	0.0158876816327888	4793.9523809524	1	0.124094299391558
ENSG00000198130	HIBCH	TCGA-KICH	0.0130297544481588	4794.3488372093	1	0.112673605554678
ENSG00000108773	KAT2A	TCGA-KICH	0.0123664612750094	4794.5957446809	1	0.109376148196902
ENSG00000186814	ZSCAN30	TCGA-KICH	0.0103859223141805	4794.8	1	0.101359260122853
ENSG00000138032	PPM1B	TCGA-KICH	0.0385634477838764	4795.2142857143	1	0.185167188707416
ENSG00000156575	PRG3	TCGA-KICH	0.00757551979061442	4795.5106382979	1	0.0867941280469559
ENSG00000066135	KDM4A	TCGA-KICH	0.00989687514254404	4795.8846153846	1	0.0992476239247607
ENSG00000234127	TRIM26	TCGA-KICH	0.00365824902354036	4795.9661016949	1	0.0622829666630826
ENSG00000136231	IGF2BP3	TCGA-KICH	0.00919014431245439	4796.6	1	0.096503743140723
ENSG00000100077	ADRBK2	TCGA-KICH	0.00967344974375979	4796.6326530612	1	0.0987382394176628
ENSG00000160953	MUM1	TCGA-KICH	0.00228313685008458	4796.7708333333	1	0.0475687183256899
ENSG00000115350	POLE4	TCGA-KICH	0.00282917273976897	4796.7755102041	1	0.0536387745217579
ENSG00000080608	KIAA0020	TCGA-KICH	0.0123057721609211	4797.36	1	0.109376148196902
ENSG00000105948	TTC26	TCGA-KICH	0.0158672625995296	4798.5740740741	1	0.124094299391558
ENSG00000067704	IARS2	TCGA-KICH	0.013193707492669	4798.5882352941	1	0.113296099461177
ENSG00000213398	LCAT	TCGA-KICH	0.00579058768162887	4799.4081632653	1	0.0774418342083507
ENSG00000123349	PFDN5	TCGA-KICH	0.00639539538520781	4799.8771929825	1	0.0804667263096156
ENSG00000103522	IL21R	TCGA-KICH	0.00660584269641569	4799.9310344828	1	0.0814415479469571
ENSG00000079313	REXO1	TCGA-KICH	0.00832577150814972	4800.3018867925	1	0.0914621922669199
ENSG00000166329	CCDC182	TCGA-KICH	0.00664882036094757	4800.6730769231	1	0.0816743774800195
ENSG00000120903	CHRNA2	TCGA-KICH	0.0044253075577073	4801.2	1	0.0679075818618129
ENSG00000137090	DMRT1	TCGA-KICH	0.00397569124855183	4801.2857142857	1	0.0642489357674648
ENSG00000010310	GIPR	TCGA-KICH	0.0112050462078228	4801.8260869565	1	0.105125257772866
ENSG00000112038	OPRM1	TCGA-KICH	0.011537722376469	4801.9347826087	1	0.106481210775273
ENSG00000163792	TCF23	TCGA-KICH	0.00584632209713993	4802.4210526316	1	0.0778294666547763
ENSG00000050426	LETMD1	TCGA-KICH	0.0119926522215518	4803.085106383	1	0.108325029953482
ENSG00000110693	SOX6	TCGA-KICH	0.00695910394158386	4803.641509434	1	0.0840498111798382
ENSG00000101464	PIGU	TCGA-KICH	0.0154737581409372	4804.7692307692	1	0.122497792483032
ENSG00000116106	EPHA4	TCGA-KICH	0.00847057327691969	4805.9777777778	1	0.0921740437356524
ENSG00000172318	B3GALT1	TCGA-KICH	0.00509983757713255	4806.0666666667	1	0.0730535767421984
ENSG00000165898	ISCA2	TCGA-KICH	0.0180542510969569	4806.0833333333	1	0.130184075334428
ENSG00000157765	SLC34A2	TCGA-KICH	0.0173955983588774	4806.3333333333	1	0.128205479851552
ENSG00000169688	MT1B	TCGA-KICH	0.0304948724939454	4806.3658536585	1	0.166253782009037
ENSG00000183530	PRR14L	TCGA-KICH	0.00526532698320707	4806.5576923077	1	0.0740986042496144
ENSG00000131351	HAUS8	TCGA-KICH	0.0153568970443346	4807.0392156863	1	0.122297715646453
ENSG00000152413	HOMER1	TCGA-KICH	0.00341118810916318	4807.0434782609	1	0.0602588734028117
ENSG00000122642	FKBP9	TCGA-KICH	0.0028275847579904	4807.8936170213	1	0.0536387745217579
ENSG00000169783	LINGO1	TCGA-KICH	0.0170445732312621	4807.9090909091	1	0.128094246972624
ENSG00000130810	PPAN	TCGA-KICH	0.00514348931495464	4808.9074074074	1	0.0732855706218848
ENSG00000149927	DOC2A	TCGA-KICH	0.0150642310831719	4809.2037037037	1	0.120989799797893
ENSG00000075891	PAX2	TCGA-KICH	0.00770021973462658	4809.4117647059	1	0.0874602971986133
ENSG00000123178	SPRYD7	TCGA-KICH	0.0032280269697283	4809.5434782609	1	0.0582828093801564
ENSG00000145861	C1QTNF2	TCGA-KICH	0.000805016750222488	4810	1	0.0306960553686027
ENSG00000125827	TMX4	TCGA-KICH	0.0329547207182647	4810.4680851064	1	0.172304881587662
ENSG00000133475	GGT2	TCGA-KICH	0.0242389243996989	4810.8888888889	1	0.149521744371002
ENSG00000005810	MYCBP2	TCGA-KICH	0.0256233808243815	4811.3541666667	1	0.153980654372409
ENSG00000117616	C1orf63	TCGA-KICH	0.017932579226189	4811.8703703704	1	0.129891567755503
ENSG00000162598	C1orf87	TCGA-KICH	0.00822835249387222	4812.0638297872	1	0.0909434542369659
ENSG00000137070	IL11RA	TCGA-KICH	0.00661606742614849	4812.4230769231	1	0.0815048614075139
ENSG00000168517	HEXIM2	TCGA-KICH	0.0117270622252747	4812.6470588235	1	0.10744216335113
ENSG00000106331	PAX4	TCGA-KICH	0.0183131231643165	4812.72	1	0.130639050100904
ENSG00000106636	YKT6	TCGA-KICH	0.00784229525967875	4812.7543859649	1	0.0885907343937802
ENSG00000115221	ITGB6	TCGA-KICH	0.0100967635667828	4813.0588235294	1	0.10006167606561
ENSG00000130167	TSPAN16	TCGA-KICH	0.0316202626714404	4813.8775510204	1	0.168574735913155
ENSG00000115705	TPO	TCGA-KICH	0.00364533226211068	4814.6727272727	1	0.0622829666630826
ENSG00000204414	CSHL1	TCGA-KICH	0.0128847183331606	4814.7636363636	1	0.112351554573146
ENSG00000101966	XIAP	TCGA-KICH	0.0145009045440315	4816.06	1	0.118575315218379
ENSG00000132763	MMACHC	TCGA-KICH	0.0190525674811334	4816.45	1	0.133108798734489
ENSG00000204237	OXLD1	TCGA-KICH	0.0073464770786917	4816.9107142857	1	0.0860671766022293
ENSG00000228517	CT47A7	TCGA-KICH	0.00939599127297487	4817.2	1	0.0972107546890785
ENSG00000113851	CRBN	TCGA-KICH	0.0162247824643381	4817.641509434	1	0.125224043935602
ENSG00000221878	PSG7	TCGA-KICH	0.00141667958415523	4818.0892857143	1	0.0388797837690547
ENSG00000215440	NPEPL1	TCGA-KICH	0.00796928986883543	4818.3469387755	1	0.0890027325731491
ENSG00000156127	BATF	TCGA-KICH	0.00765656999785651	4818.6153846154	1	0.0872739989435388
ENSG00000152240	HAUS1	TCGA-KICH	0.00216432678214349	4819.2545454545	1	0.0465734044470374
ENSG00000153187	HNRNPU	TCGA-KICH	0.00531429350691365	4820.2641509434	1	0.0744605516301156
ENSG00000126804	ZBTB1	TCGA-KICH	0.0141789548775732	4820.2830188679	1	0.117473338005346
ENSG00000073331	ALPK1	TCGA-KICH	0.0133801554406994	4820.4418604651	1	0.114069020939102
ENSG00000186654	PRR5	TCGA-KICH	0.0166428839824987	4821.025	1	0.126537635635085
ENSG00000134256	CD101	TCGA-KICH	0.0162413031098166	4821.1136363636	1	0.125230847040786
ENSG00000007255	TRAPPC6A	TCGA-KICH	0.0131096358466739	4821.16	1	0.112998287451282
ENSG00000105397	TYK2	TCGA-KICH	0.00644787188619949	4822.5	1	0.080770547727846
ENSG00000186583	SPATC1	TCGA-KICH	0.015800027540737	4822.8163265306	1	0.124094299391558
ENSG00000087303	NID2	TCGA-KICH	0.00175191383677747	4823.085106383	1	0.042464132786132
ENSG00000001626	CFTR	TCGA-KICH	0.028482953931421	4823.2553191489	1	0.160501976109472
ENSG00000049192	ADAMTS6	TCGA-KICH	0.0108043256012977	4823.4	1	0.1038603088264
ENSG00000164871	SPAG11B	TCGA-KICH	0.0276623100475835	4823.53125	1	0.15861507175512
ENSG00000145920	CPLX2	TCGA-KICH	0.0130157661264883	4823.6923076923	1	0.112673605554678
ENSG00000157103	SLC6A1	TCGA-KICH	0.008953684539669	4823.8163265306	1	0.095151465098075
ENSG00000114019	AMOTL2	TCGA-KICH	0.0149915481901762	4823.8636363636	1	0.120720397225602
ENSG00000172403	SYNPO2	TCGA-KICH	0.0356100705146438	4824.2380952381	1	0.17979044113872
ENSG00000141579	ZNF750	TCGA-KICH	0.0135701846104594	4824.84	1	0.115170379722579
ENSG00000187569	DPPA3	TCGA-KICH	0.00744046411766198	4825.26	1	0.0863381213182702
ENSG00000086589	RBM22	TCGA-KICH	0.0270640641749835	4826	1	0.157275334657153
ENSG00000162105	SHANK2	TCGA-KICH	0.0110305158969436	4826.1836734694	1	0.104655570565212
ENSG00000143614	GATAD2B	TCGA-KICH	0.0126298788711121	4826.4565217391	1	0.111074964371697
ENSG00000070610	GBA2	TCGA-KICH	0.0217470896520393	4826.880952381	1	0.143079514881219
ENSG00000163235	TGFA	TCGA-KICH	0.0132246935415326	4827.4230769231	1	0.113448959173608
ENSG00000026297	RNASET2	TCGA-KICH	0.0147294250107343	4827.4363636364	1	0.119503309156243
ENSG00000198727	MT-CYB	TCGA-KICH	0.017912208930867	4827.68	1	0.129802726709428
ENSG00000117010	ZNF684	TCGA-KICH	0.00997487394365799	4827.9285714286	1	0.0994798761306981
ENSG00000186572	DEFB107A	TCGA-KICH	0.0138684361867562	4828.5454545455	1	0.116277422865424
ENSG00000179921	GPBAR1	TCGA-KICH	0.0185634683119299	4828.6086956522	1	0.131440716589447
ENSG00000117834	SLC5A9	TCGA-KICH	0.0150461430304348	4829	1	0.120905158370504
ENSG00000129534	MIS18BP1	TCGA-KICH	0.0099754725925672	4830.0980392157	1	0.0994798761306981
ENSG00000004809	SLC22A16	TCGA-KICH	0.0144821459282057	4830.64	1	0.118513830884116
ENSG00000249581	CLRN2	TCGA-KICH	0.0172745483206665	4831.1851851852	1	0.128205479851552
ENSG00000172469	MANEA	TCGA-KICH	0.0125653878465464	4831.24	1	0.110812051961696
ENSG00000105325	FZR1	TCGA-KICH	0.0320494985419441	4831.4444444444	1	0.169789189265377
ENSG00000106976	DNM1	TCGA-KICH	0.00542918262459628	4831.5208333333	1	0.0754760067125951
ENSG00000054611	TBC1D22A	TCGA-KICH	0.0129525886769925	4832.12	1	0.112351554573146
ENSG00000171051	FPR1	TCGA-KICH	0.0160904674968711	4832.4716981132	1	0.124909761009399
ENSG00000173825	TIGD3	TCGA-KICH	0.0119961496902897	4833.7441860465	1	0.108325029953482
ENSG00000204539	CDSN	TCGA-KICH	0.0174525998093503	4833.8644067797	1	0.128270671600653
ENSG00000170605	OR9K2	TCGA-KICH	0.00906930624254942	4834.1063829787	1	0.0957852419919187
ENSG00000132164	SLC6A11	TCGA-KICH	0.00426723596577901	4834.6730769231	1	0.0666163707335126
ENSG00000149016	TUT1	TCGA-KICH	0.00394271081049604	4834.7	1	0.0638713433849947
ENSG00000235863	B3GALT4	TCGA-KICH	0.0162941502857667	4835.4285714286	1	0.125457123474305
ENSG00000118242	MREG	TCGA-KICH	0.0159915500529888	4835.7962962963	1	0.124503973796118
ENSG00000006047	YBX2	TCGA-KICH	0.019454981585068	4835.86	1	0.134646296493027
ENSG00000150361	KLHL1	TCGA-KICH	0.0154563983637015	4836.5098039216	1	0.122497792483032
ENSG00000198055	GRK6	TCGA-KICH	0.0107792469451255	4836.6346153846	1	0.103681465361072
ENSG00000137135	ARHGEF39	TCGA-KICH	0.0144574103781116	4836.8979591837	1	0.118432443583354
ENSG00000151224	MAT1A	TCGA-KICH	0.0168363235425296	4837.1111111111	1	0.127297440768046
ENSG00000108846	ABCC3	TCGA-KICH	0.0305211340574043	4837.1956521739	1	0.166253782009037
ENSG00000179914	ITLN1	TCGA-KICH	0.0173408518836215	4838.0769230769	1	0.128205479851552
ENSG00000171786	NHLH1	TCGA-KICH	0.00641121091296095	4838.2592592593	1	0.0804667263096156
ENSG00000066084	DIP2B	TCGA-KICH	0.00910875938923271	4838.7	1	0.0959551090117997
ENSG00000196344	ADH7	TCGA-KICH	0.0132256763519904	4839.5471698113	1	0.113448959173608
ENSG00000177463	NR2C2	TCGA-KICH	0.0110701930603754	4839.9318181818	1	0.104739443651862
ENSG00000144406	UNC80	TCGA-KICH	0.0165643234017987	4840.1836734694	1	0.126322685371337
ENSG00000180900	SCRIB	TCGA-KICH	0.0093601671140562	4840.2941176471	1	0.0971504059180881
ENSG00000183856	IQGAP3	TCGA-KICH	0.0262324618282509	4840.7826086957	1	0.15559736154794
ENSG00000136856	SLC2A8	TCGA-KICH	0.0245826047955762	4840.7872340426	1	0.150745771807549
ENSG00000170423	KRT78	TCGA-KICH	0.0103584422270619	4841	1	0.101313724695087
ENSG00000136319	TTC5	TCGA-KICH	0.0152841496389156	4841.4782608696	1	0.121778933565788
ENSG00000138653	NDST4	TCGA-KICH	0.0022484806020309	4842.4259259259	1	0.0474128614769353
ENSG00000091164	TXNL1	TCGA-KICH	0.0142888232326446	4842.4528301887	1	0.118017279046314
ENSG00000151150	ANK3	TCGA-KICH	0.030470031554117	4843.3191489362	1	0.166213931071656
ENSG00000162998	FRZB	TCGA-KICH	0.0273192834310454	4843.5869565217	1	0.158282958762171
ENSG00000169045	HNRNPH1	TCGA-KICH	0.00978523292355412	4843.7906976744	1	0.0988500028747812
ENSG00000142961	MOB3C	TCGA-KICH	0.0216876489099284	4844.2608695652	1	0.142997508124966
ENSG00000105497	ZNF175	TCGA-KICH	0.0241150215041193	4844.625	1	0.149285685886537
ENSG00000185813	PCYT2	TCGA-KICH	0.00714812353234582	4845.847826087	1	0.0850707017551795
ENSG00000135443	KRT85	TCGA-KICH	0.00831705395471354	4846.3260869565	1	0.0914621922669199
ENSG00000143179	UCK2	TCGA-KICH	0.00975194818165008	4846.6511627907	1	0.0988500028747812
ENSG00000188157	AGRN	TCGA-KICH	0.0186313601338291	4846.8076923077	1	0.131744090988045
ENSG00000079785	DDX1	TCGA-KICH	0.00288915116524926	4847.5294117647	1	0.0541166735806631
ENSG00000141569	TRIM65	TCGA-KICH	0.0146483600198217	4847.8703703704	1	0.11908298767383
ENSG00000119878	CRIPT	TCGA-KICH	0.00479888669604669	4848.0784313725	1	0.0706380242988857
ENSG00000155508	CNOT8	TCGA-KICH	0.0145733336361875	4850.4791666667	1	0.118665889163355
ENSG00000204020	LIPN	TCGA-KICH	0.0179472446592631	4850.625	1	0.129926720109203
ENSG00000114698	PLSCR4	TCGA-KICH	0.01606350997927	4851.7692307692	1	0.1247609662066
ENSG00000049541	RFC2	TCGA-KICH	0.0242153776576902	4852	1	0.149521744371002
ENSG00000016864	GLT8D1	TCGA-KICH	0.0342649348420037	4852.25	1	0.176051630251745
ENSG00000127084	FGD3	TCGA-KICH	0.0116051274171426	4852.6046511628	1	0.106691225938886
ENSG00000205571	SMN2	TCGA-KICH	0.0349722150413108	4852.6875	1	0.178261815669698
ENSG00000010322	NISCH	TCGA-KICH	0.0178670335000498	4853.4680851064	1	0.129638728064521
ENSG00000171621	SPSB1	TCGA-KICH	0.00569352261508733	4854.04	1	0.077011625574851
ENSG00000221826	PSG3	TCGA-KICH	0.0273462714779624	4854.3863636364	1	0.158282958762171
ENSG00000178184	PARD6G	TCGA-KICH	0.00728684738631111	4854.6530612245	1	0.0857334238763745
ENSG00000188735	TMEM120B	TCGA-KICH	0.0108993089091073	4854.8181818182	1	0.104065750902148
ENSG00000135845	PIGC	TCGA-KICH	0.00631041166017444	4854.862745098	1	0.080073538367043
ENSG00000182004	SNRPE	TCGA-KICH	0.0405630284553764	4854.9268292683	1	0.188842628229415
ENSG00000116574	RHOU	TCGA-KICH	0.0198565552461517	4855.38	1	0.136286171974064
ENSG00000196850	PPTC7	TCGA-KICH	0.0222271980611075	4855.5365853659	1	0.143883822533806
ENSG00000196967	ZNF585A	TCGA-KICH	0.0459468840310644	4855.7105263158	1	0.199035483229805
ENSG00000101489	CELF4	TCGA-KICH	0.0144735198618292	4856.0555555556	1	0.118503793756234
ENSG00000138587	MNS1	TCGA-KICH	0.0287901997109177	4856.2	1	0.161271440493301
ENSG00000184949	FAM227A	TCGA-KICH	0.00822189769050718	4856.3035714286	1	0.0909348698297462
ENSG00000134245	WNT2B	TCGA-KICH	0.0161800241691426	4856.6808510638	1	0.125059404955994
ENSG00000168488	ATXN2L	TCGA-KICH	0.0173213381233041	4856.9642857143	1	0.128205479851552
ENSG00000152977	ZIC1	TCGA-KICH	0.0249469469168603	4857.24	1	0.151680089169901
ENSG00000112232	KHDRBS2	TCGA-KICH	0.00448570145612102	4857.488372093	1	0.0682659592294502
ENSG00000181752	OR8K5	TCGA-KICH	0.00363640184775989	4857.5964912281	1	0.0622829666630826
ENSG00000108798	ABI3	TCGA-KICH	0.0238113567319393	4857.68	1	0.148434348889538
ENSG00000139160	METTL20	TCGA-KICH	0.00833947083072438	4858.3396226415	1	0.0914862789218936
ENSG00000178222	RNF212	TCGA-KICH	0.019484166698884	4859.5227272727	1	0.134719013048178
ENSG00000156860	FBRS	TCGA-KICH	0.0111005948283399	4860.0576923077	1	0.104882611313194
ENSG00000078579	FGF20	TCGA-KICH	0.00999037841971961	4860.5882352941	1	0.0994999442735134
ENSG00000069188	SDK2	TCGA-KICH	0.0147722733531225	4860.7346938776	1	0.119725687120575
ENSG00000089057	SLC23A2	TCGA-KICH	0.0311101264297405	4860.8974358974	1	0.167359312990357
ENSG00000103966	EHD4	TCGA-KICH	0.0187153633825659	4861.0227272727	1	0.131956494526526
ENSG00000082293	COL19A1	TCGA-KICH	0.00892075360056648	4861.2553191489	1	0.0950625505667702
ENSG00000189043	NDUFA4	TCGA-KICH	0.0144289867978204	4861.4255319149	1	0.118320646987759
ENSG00000143590	EFNA3	TCGA-KICH	0.00678882581977776	4861.9285714286	1	0.0828050613128262
ENSG00000030066	NUP160	TCGA-KICH	0.0458007970836783	4863.1777777778	1	0.198805520370097
ENSG00000152700	SAR1B	TCGA-KICH	0.00378317372743471	4863.9019607843	1	0.0629153969313259
ENSG00000183475	ASB7	TCGA-KICH	0.0172015736111455	4864.4	1	0.128205479851552
ENSG00000186188	FFAR4	TCGA-KICH	0.0211168182806273	4864.5	1	0.14050097414385
ENSG00000196778	OR52K1	TCGA-KICH	0.0204384573501964	4864.7777777778	1	0.138052254096751
ENSG00000167355	AC104389.28	TCGA-KICH	0.0178063303463962	4865.1276595745	1	0.129445474578999
ENSG00000166886	NAB2	TCGA-KICH	0.00688947309732918	4865.1851851852	1	0.0835237786932073
ENSG00000099338	CATSPERG	TCGA-KICH	0.0152150800678518	4865.3846153846	1	0.121585971434348
ENSG00000163482	STK36	TCGA-KICH	0.0252422149339534	4865.8431372549	1	0.152837078324107
ENSG00000163644	PPM1K	TCGA-KICH	0.0065314337696171	4865.8536585366	1	0.0811488842671977
ENSG00000103313	MEFV	TCGA-KICH	0.0200055003676106	4866.1304347826	1	0.136845197679379
ENSG00000178409	BEND3	TCGA-KICH	0.0186852672393295	4866.1951219512	1	0.131883893714351
ENSG00000167419	LPO	TCGA-KICH	0.0173289000821665	4866.2222222222	1	0.128205479851552
ENSG00000186458	DEFB132	TCGA-KICH	0.0130995269432849	4866.2641509434	1	0.112998287451282
ENSG00000160951	PTGER1	TCGA-KICH	0.00314888278360565	4866.8333333333	1	0.0572410417473831
ENSG00000166959	MS4A8	TCGA-KICH	0.0173433875988853	4867.75	1	0.128205479851552
ENSG00000055950	MRPL43	TCGA-KICH	0.00556648941320593	4867.8461538462	1	0.0763135540338939
ENSG00000173599	PC	TCGA-KICH	0.0132344135759986	4867.8837209302	1	0.113463133522279
ENSG00000103274	NUBP1	TCGA-KICH	0.00658553496865932	4868.9574468085	1	0.0814415479469571
ENSG00000136485	DCAF7	TCGA-KICH	0.0275332971646856	4869.0425531915	1	0.158282958762171
ENSG00000115694	STK25	TCGA-KICH	0.0111345477803824	4869.2307692308	1	0.104989914258443
ENSG00000162623	TYW3	TCGA-KICH	0.0103622779301001	4870.2040816327	1	0.101313724695087
ENSG00000091651	ORC6	TCGA-KICH	0.0177780923292226	4870.4509803922	1	0.129357632281917
ENSG00000150782	IL18	TCGA-KICH	0.0206027323045432	4870.5192307692	1	0.13875221104174
ENSG00000011028	MRC2	TCGA-KICH	0.0171278138761221	4871.3090909091	1	0.128188852803168
ENSG00000105929	ATP6V0A4	TCGA-KICH	0.0181482681212128	4871.7636363636	1	0.130224100842994
ENSG00000109205	ODAM	TCGA-KICH	0.0251847754134258	4871.8085106383	1	0.152782885412284
ENSG00000155833	CYLC2	TCGA-KICH	0.0121318379795217	4872.48	1	0.108968808324195
ENSG00000157036	EXOG	TCGA-KICH	0.00949054505511965	4872.5384615385	1	0.0976440811956131
ENSG00000102854	MSLN	TCGA-KICH	0.0417441162552374	4873.7446808511	1	0.191469905153502
ENSG00000221968	FADS3	TCGA-KICH	0.00907911316539073	4873.925	1	0.0957852419919187
ENSG00000197838	CYP2A13	TCGA-KICH	0.0239024026742992	4874.0975609756	1	0.148716774991803
ENSG00000105483	CARD8	TCGA-KICH	0.0186483353185073	4875.3529411765	1	0.131797480196776
ENSG00000155749	ALS2CR12	TCGA-KICH	0.0236380897137159	4875.4772727273	1	0.148165951767186
ENSG00000205639	MFSD2B	TCGA-KICH	0.0156725998172912	4875.6037735849	1	0.12352199117811
ENSG00000205978	NYNRIN	TCGA-KICH	0.017645993597969	4875.7450980392	1	0.129041364142225
ENSG00000198408	MGEA5	TCGA-KICH	0.0357346124633045	4876.2790697674	1	0.179947867703424
ENSG00000171056	SOX7	TCGA-KICH	0.0183875604586056	4876.7659574468	1	0.130742241257142
ENSG00000131779	PEX11B	TCGA-KICH	0.0102315791734259	4876.8823529412	1	0.100712194506709
ENSG00000115641	FHL2	TCGA-KICH	0.0111395739215176	4877.1071428571	1	0.104989914258443
ENSG00000100239	PPP6R2	TCGA-KICH	0.00844392080284347	4877.2553191489	1	0.0921740437356524
ENSG00000158055	GRHL3	TCGA-KICH	0.033139808883084	4877.3695652174	1	0.172851999754921
ENSG00000163638	ADAMTS9	TCGA-KICH	0.00858124828842972	4877.3859649123	1	0.092789152883597
ENSG00000065057	NTHL1	TCGA-KICH	0.00848162354974147	4877.5576923077	1	0.0921872301942715
ENSG00000112837	TBX18	TCGA-KICH	0.0222110099840896	4878.1395348837	1	0.143883822533806
ENSG00000147654	EBAG9	TCGA-KICH	0.0117352396347447	4879.0961538462	1	0.107455610491959
ENSG00000114805	PLCH1	TCGA-KICH	0.0154700418861494	4879.2156862745	1	0.122497792483032
ENSG00000171552	BCL2L1	TCGA-KICH	0.0181291105044521	4879.36	1	0.130224100842994
ENSG00000119321	FKBP15	TCGA-KICH	0.018147075966674	4879.462962963	1	0.130224100842994
ENSG00000005436	GCFC2	TCGA-KICH	0.0266922186756192	4879.612244898	1	0.156756832449593
ENSG00000162512	SDC3	TCGA-KICH	0.00934648991580202	4879.8679245283	1	0.0971170059013933
ENSG00000076604	TRAF4	TCGA-KICH	0.00658592244892009	4879.8703703704	1	0.0814415479469571
ENSG00000040608	RTN4R	TCGA-KICH	0.0108491273784846	4879.8867924528	1	0.104041182614629
ENSG00000141293	SKAP1	TCGA-KICH	0.0199112615956481	4880.2727272727	1	0.136447947990716
ENSG00000160803	UBQLN4	TCGA-KICH	0.027155557306212	4880.48	1	0.157514034863812
ENSG00000091986	CCDC80	TCGA-KICH	0.0227913893251912	4880.7777777778	1	0.145652075037086
ENSG00000180616	SSTR2	TCGA-KICH	0.0178653369783586	4880.9777777778	1	0.129638728064521
ENSG00000114638	UPK1B	TCGA-KICH	0.0315361806610384	4881.3636363636	1	0.168441025706536
ENSG00000198642	KLHL9	TCGA-KICH	0.0162071137834945	4881.9565217391	1	0.125147988063001
ENSG00000168918	INPP5D	TCGA-KICH	0.00974054634288589	4882.0655737705	1	0.0988500028747812
ENSG00000237541	HLA-DQA2	TCGA-KICH	0.00526052991808511	4882.5614035088	1	0.0740986042496144
ENSG00000111834	RSPH4A	TCGA-KICH	0.0344850876974009	4882.7105263158	1	0.176899000472093
ENSG00000158604	TMED4	TCGA-KICH	0.0348180050369189	4882.976744186	1	0.177809423044087
ENSG00000179083	FAM133A	TCGA-KICH	0.0186325548603136	4883.2448979592	1	0.131744090988045
ENSG00000143971	ETAA1	TCGA-KICH	0.0364934603225961	4883.3555555556	1	0.181506697837246
ENSG00000107862	GBF1	TCGA-KICH	0.0129224862696391	4883.9795918367	1	0.112351554573146
ENSG00000143878	RHOB	TCGA-KICH	0.0121685548216064	4884	1	0.109115008660709
ENSG00000108602	ALDH3A1	TCGA-KICH	0.00678553029825137	4884.58	1	0.0828050613128262
ENSG00000123684	LPGAT1	TCGA-KICH	0.00640398347088007	4884.5925925926	1	0.0804667263096156
ENSG00000164393	GPR111	TCGA-KICH	0.0344823055961163	4885.0952380952	1	0.176899000472093
ENSG00000127366	TAS2R5	TCGA-KICH	0.00980519007660701	4885.3404255319	1	0.0988500028747812
ENSG00000184860	SDR42E1	TCGA-KICH	0.0219361505955244	4885.4418604651	1	0.143422046239392
ENSG00000112339	HBS1L	TCGA-KICH	0.0216875110170328	4885.6428571429	1	0.142997508124966
ENSG00000140455	USP3	TCGA-KICH	0.028103642680379	4885.8260869565	1	0.159650301041502
ENSG00000168993	CPLX1	TCGA-KICH	0.0131450949587747	4886.3921568627	1	0.113150153658625
ENSG00000169583	CLIC3	TCGA-KICH	0.0174372591286067	4886.6727272727	1	0.128270671600653
ENSG00000145723	GIN1	TCGA-KICH	0.0209734334488682	4886.7173913043	1	0.139895683749948
ENSG00000164430	MB21D1	TCGA-KICH	0.00979457881868809	4886.8909090909	1	0.0988500028747812
ENSG00000137821	LRRC49	TCGA-KICH	0.0123237683064905	4887.2653061224	1	0.109376148196902
ENSG00000234289	H2BFS	TCGA-KICH	0.0230513958757412	4888.1111111111	1	0.146471687922023
ENSG00000165794	SLC39A2	TCGA-KICH	0.00676491438947301	4889.0714285714	1	0.0827592249075644
ENSG00000167194	C16orf92	TCGA-KICH	0.0134156949481571	4889.2678571429	1	0.11422241073617
ENSG00000169442	CD52	TCGA-KICH	0.00592366434188532	4889.2941176471	1	0.0781429403622563
ENSG00000136925	TSTD2	TCGA-KICH	0.020689690114831	4889.6041666667	1	0.138870656826915
ENSG00000198380	GFPT1	TCGA-KICH	0.0200704249452259	4890.9230769231	1	0.136938887652101
ENSG00000157456	CCNB2	TCGA-KICH	0.027433171758827	4891.1739130435	1	0.158282958762171
ENSG00000183148	ANKRD20A2	TCGA-KICH	0.0242275694344975	4891.1777777778	1	0.149521744371002
ENSG00000164399	IL3	TCGA-KICH	0.016364744377668	4891.9302325581	1	0.125660231580811
ENSG00000153006	SREK1IP1	TCGA-KICH	0.00913563284635745	4892.5957446809	1	0.0961282260410083
ENSG00000133063	CHIT1	TCGA-KICH	0.0226313942623815	4892.725	1	0.145442126449454
ENSG00000203795	FAM24A	TCGA-KICH	0.0108816681942401	4893.0188679245	1	0.104065750902148
ENSG00000128641	MYO1B	TCGA-KICH	0.0237135215766526	4893.0769230769	1	0.148213455597018
ENSG00000196391	ZNF774	TCGA-KICH	0.0182523677418006	4893.2115384615	1	0.130496280975418
ENSG00000145721	LIX1	TCGA-KICH	0.0207293164896453	4893.5217391304	1	0.139041755021421
ENSG00000171016	PYGO1	TCGA-KICH	0.0204239556105184	4894.2941176471	1	0.138052254096751
ENSG00000180483	DEFB119	TCGA-KICH	0.0133905563138003	4894.6078431373	1	0.114069020939102
ENSG00000142515	KLK3	TCGA-KICH	0.0230696042014244	4894.9444444444	1	0.146471687922023
ENSG00000187775	DNAH17	TCGA-KICH	0.00945362835893886	4895	1	0.0974814773982511
ENSG00000139405	RITA1	TCGA-KICH	0.0144002032236626	4895.3269230769	1	0.118220821189331
ENSG00000214819	CDRT15L2	TCGA-KICH	0.0226950589327724	4895.7058823529	1	0.145460764907541
ENSG00000147364	FBXO25	TCGA-KICH	0.00761477512016324	4895.8103448276	1	0.087045412954614
ENSG00000109919	MTCH2	TCGA-KICH	0.010397142041931	4896.1818181818	1	0.101406960902269
ENSG00000187118	CMC1	TCGA-KICH	0.0220091695769817	4896.4285714286	1	0.143422046239392
ENSG00000184110	EIF3C	TCGA-KICH	0.0169223822960912	4896.4901960784	1	0.127529670474725
ENSG00000178187	ZNF454	TCGA-KICH	0.018704027109848	4896.4905660377	1	0.131956494526526
ENSG00000166352	C11orf74	TCGA-KICH	0.00835005841979267	4896.7708333333	1	0.0915125820224564
ENSG00000164663	USP49	TCGA-KICH	0.0139215515149232	4896.8039215686	1	0.116380181986814
ENSG00000183742	MACC1	TCGA-KICH	0.00862071400775774	4897.2553191489	1	0.0928818368231961
ENSG00000128849	CGNL1	TCGA-KICH	0.0308524128950461	4897.2666666667	1	0.167158336255252
ENSG00000173281	PPP1R3B	TCGA-KICH	0.0154699504590289	4897.6037735849	1	0.122497792483032
ENSG00000181449	SOX2	TCGA-KICH	0.0380451846450426	4898.0888888889	1	0.184692507590463
ENSG00000102837	OLFM4	TCGA-KICH	0.0114950080409421	4898.1730769231	1	0.106227670961158
ENSG00000143549	TPM3	TCGA-KICH	0.0248632648512474	4898.6744186047	1	0.151317802574888
ENSG00000125520	SLC2A4RG	TCGA-KICH	0.0131269055677925	4898.9302325581	1	0.113086279003872
ENSG00000121335	PRB2	TCGA-KICH	0.0213691433356433	4899.26	1	0.141416045669557
ENSG00000173467	AGR3	TCGA-KICH	0.0156819898204956	4899.7037037037	1	0.123535202643993
ENSG00000160439	RDH13	TCGA-KICH	0.0152743372748866	4900.08	1	0.121778933565788
ENSG00000070423	RNF126	TCGA-KICH	0.0280072356065828	4900.2173913043	1	0.159314836306834
ENSG00000085644	ZNF213	TCGA-KICH	0.0285970817567161	4900.641025641	1	0.160751935533103
ENSG00000196724	ZNF418	TCGA-KICH	0.0437405318408099	4900.6956521739	1	0.195168081432495
ENSG00000172349	IL16	TCGA-KICH	0.0290694772947961	4901.7317073171	1	0.16209877398195
ENSG00000198483	ANKRD35	TCGA-KICH	0.0167529348421737	4901.75	1	0.126975036203224
ENSG00000111412	C12orf49	TCGA-KICH	0.028300053233999	4901.756097561	1	0.160080683822
ENSG00000130702	LAMA5	TCGA-KICH	0.00494554466835156	4902.2545454545	1	0.0716980938809638
ENSG00000158104	HPD	TCGA-KICH	0.0218792922217882	4902.4390243902	1	0.143354377229193
ENSG00000160094	ZNF362	TCGA-KICH	0.0114098367426958	4902.9607843137	1	0.105929585758999
ENSG00000136048	DRAM1	TCGA-KICH	0.0330932478143675	4903.0263157895	1	0.172690897278298
ENSG00000163808	KIF15	TCGA-KICH	0.0283602767092591	4903.3636363636	1	0.160151562587724
ENSG00000068831	RASGRP2	TCGA-KICH	0.0206451331845181	4903.525	1	0.138857590224821
ENSG00000196943	NOP9	TCGA-KICH	0.0378074115242033	4903.8536585366	1	0.184114299359902
ENSG00000198369	SPRED2	TCGA-KICH	0.00931521401818613	4903.9166666667	1	0.0968721769488642
ENSG00000106591	MRPL32	TCGA-KICH	0.0196623220890936	4904.1	1	0.13526292450895
ENSG00000124939	SCGB2A1	TCGA-KICH	0.017395409498384	4904.28	1	0.128205479851552
ENSG00000101916	TLR8	TCGA-KICH	0.0288829047699202	4904.8157894737	1	0.161451909211264
ENSG00000138136	LBX1	TCGA-KICH	0.031734767726725	4904.8363636364	1	0.168904056212529
ENSG00000124818	OPN5	TCGA-KICH	0.0287308363786383	4905.243902439	1	0.16118440040814
ENSG00000180974	OR52E4	TCGA-KICH	0.0156140521112667	4905.5	1	0.123303276411211
ENSG00000095203	EPB41L4B	TCGA-KICH	0.0309860358323163	4905.6086956522	1	0.16716420822482
ENSG00000164128	NPY1R	TCGA-KICH	0.0240094764360147	4906.5	1	0.148984845521946
ENSG00000154122	ANKH	TCGA-KICH	0.0217817481953372	4906.6888888889	1	0.143081427180976
ENSG00000185955	C7orf61	TCGA-KICH	0.0239254814510986	4906.9259259259	1	0.148744792484217
ENSG00000175606	TMEM70	TCGA-KICH	0.0337164985629494	4906.9782608696	1	0.174669325983283
ENSG00000066583	ISOC1	TCGA-KICH	0.0240643863741208	4907.5294117647	1	0.149152852051225
ENSG00000005007	UPF1	TCGA-KICH	0.0112008678082909	4907.7916666667	1	0.105125257772866
ENSG00000197102	DYNC1H1	TCGA-KICH	0.0242808715714841	4907.8	1	0.149618375612666
ENSG00000147133	TAF1	TCGA-KICH	0.0188624989379433	4908.5714285714	1	0.132434423713793
ENSG00000137563	GGH	TCGA-KICH	0.0117901577797811	4909.347826087	1	0.107516589992692
ENSG00000103569	AQP9	TCGA-KICH	0.0309903549309703	4909.3913043478	1	0.16716420822482
ENSG00000221813	OR6B1	TCGA-KICH	0.0260255159241557	4909.8936170213	1	0.155270357193352
ENSG00000127954	STEAP4	TCGA-KICH	0.042902255158418	4910.1111111111	1	0.193980693495783
ENSG00000171017	LRRC8E	TCGA-KICH	0.0385844111181889	4910.1891891892	1	0.185167188707416
ENSG00000091490	SEL1L3	TCGA-KICH	0.026950044125072	4910.32	1	0.157275334657153
ENSG00000166734	CASC4	TCGA-KICH	0.0164719856861091	4910.4255319149	1	0.126098877037781
ENSG00000169220	RGS14	TCGA-KICH	0.0309266406696417	4910.7441860465	1	0.167158336255252
ENSG00000182070	OR52A1	TCGA-KICH	0.0392180388161519	4911.4473684211	1	0.186751357523548
ENSG00000183597	TANGO2	TCGA-KICH	0.0377422182058408	4911.6	1	0.184114299359902
ENSG00000250264	TAP2	TCGA-KICH	0.018380276095463	4912.0208333333	1	0.130742241257142
ENSG00000056998	GYG2	TCGA-KICH	0.0252046445993915	4912.1730769231	1	0.152782885412284
ENSG00000147082	CCNB3	TCGA-KICH	0.0151542409000377	4912.3770491803	1	0.121347584007052
ENSG00000102893	PHKB	TCGA-KICH	0.0112177640844637	4912.74	1	0.10517548930838
ENSG00000253626	EIF5AL1	TCGA-KICH	0.0440461575103678	4912.7551020408	1	0.195560602488902
ENSG00000145050	MANF	TCGA-KICH	0.0257158146740357	4912.8703703704	1	0.154258586019766
ENSG00000115919	KYNU	TCGA-KICH	0.0185296320957315	4912.9591836735	1	0.131364346176688
ENSG00000183665	TRMT12	TCGA-KICH	0.0288319215135555	4913.0192307692	1	0.161392248528343
ENSG00000160213	CSTB	TCGA-KICH	0.026931738714384	4913.26	1	0.157275334657153
ENSG00000105366	SIGLEC8	TCGA-KICH	0.00577935049225347	4914.2181818182	1	0.0774418342083507
ENSG00000010219	DYRK4	TCGA-KICH	0.0187748537545171	4914.6666666667	1	0.132050629283527
ENSG00000125630	POLR1B	TCGA-KICH	0.0203321258911628	4914.7446808511	1	0.137799217840018
ENSG00000259207	ITGB3	TCGA-KICH	0.0243680821283057	4915.4888888889	1	0.149822669725341
ENSG00000100403	ZC3H7B	TCGA-KICH	0.0169011934135867	4915.6530612245	1	0.127495342684216
ENSG00000105063	PPP6R1	TCGA-KICH	0.00918476751368168	4916	1	0.096503743140723
ENSG00000112394	SLC16A10	TCGA-KICH	0.0258093949424901	4916.08	1	0.15458039494931
ENSG00000139998	RAB15	TCGA-KICH	0.0307514182206177	4916.0943396226	1	0.166887144291153
ENSG00000122691	TWIST1	TCGA-KICH	0.0339948534295492	4916.3260869565	1	0.175418384581333
ENSG00000128710	HOXD10	TCGA-KICH	0.0459270732536142	4916.64	1	0.199035483229805
ENSG00000167968	DNASE1L2	TCGA-KICH	0.0254011886715501	4917.3461538462	1	0.153393678949802
ENSG00000196182	STK40	TCGA-KICH	0.0422148657775769	4917.5	1	0.192448356227695
ENSG00000141642	ELAC1	TCGA-KICH	0.0174202796991283	4918.2452830189	1	0.128269323853581
ENSG00000131981	LGALS3	TCGA-KICH	0.020142941393542	4918.2916666667	1	0.137155274837404
ENSG00000114670	NEK11	TCGA-KICH	0.0222666575428841	4918.4901960784	1	0.143963065819035
ENSG00000155744	FAM126B	TCGA-KICH	0.0113041607863199	4918.6346153846	1	0.105437469419285
ENSG00000221869	CEBPD	TCGA-KICH	0.0247480714595858	4918.7692307692	1	0.151020731886607
ENSG00000111732	AICDA	TCGA-KICH	0.014574823851659	4919.7058823529	1	0.118665889163355
ENSG00000180318	ALX1	TCGA-KICH	0.0376953049728039	4920.1020408163	1	0.184099487116475
ENSG00000145839	IL9	TCGA-KICH	0.0157192748894315	4920.9019607843	1	0.123768037047318
ENSG00000172115	CYCS	TCGA-KICH	0.0416487096103361	4921.2682926829	1	0.191173426313996
ENSG00000197632	SERPINB2	TCGA-KICH	0.01516577918557	4921.3617021277	1	0.121379287184859
ENSG00000162522	KIAA1522	TCGA-KICH	0.0439773160061938	4921.54	1	0.195553744349705
ENSG00000172809	RPL38	TCGA-KICH	0.017129200437014	4922.5510204082	1	0.128188852803168
ENSG00000187733	AMY1C	TCGA-KICH	0.0321600945204382	4922.5957446809	1	0.170206184317521
ENSG00000113504	SLC12A7	TCGA-KICH	0.0234624929030931	4923.0408163265	1	0.14769228956287
ENSG00000101438	SLC32A1	TCGA-KICH	0.0275470589757743	4923.2888888889	1	0.158282958762171
ENSG00000167183	PRR15L	TCGA-KICH	0.0383235789870877	4923.9756097561	1	0.184928933632992
ENSG00000160050	CCDC28B	TCGA-KICH	0.0206414225348539	4924.0444444444	1	0.138857590224821
ENSG00000186642	PDE2A	TCGA-KICH	0.0187568142026304	4924.0869565217	1	0.132039727233023
ENSG00000134398	ERN2	TCGA-KICH	0.0325736764380039	4924.5777777778	1	0.171166626583767
ENSG00000008441	NFIX	TCGA-KICH	0.0255055433362515	4924.6904761905	1	0.153734014501343
ENSG00000170035	UBE2E3	TCGA-KICH	0.00899928588838721	4924.6923076923	1	0.0953293210438824
ENSG00000037637	FBXO42	TCGA-KICH	0.0133707688776972	4925.1538461538	1	0.114069020939102
ENSG00000183273	CCDC60	TCGA-KICH	0.0148171044096916	4925.5471698113	1	0.11990297933954
ENSG00000138675	FGF5	TCGA-KICH	0.0140309980309562	4925.612244898	1	0.116852019482976
ENSG00000080007	DDX43	TCGA-KICH	0.0130648434443171	4925.7959183673	1	0.112855160604498
ENSG00000183160	TMEM119	TCGA-KICH	0.0319009825199449	4926.1153846154	1	0.169394640270861
ENSG00000151715	TMEM45B	TCGA-KICH	0.0278503767921189	4926.3260869565	1	0.158897023289606
ENSG00000111269	CREBL2	TCGA-KICH	0.0246523862140091	4926.5111111111	1	0.150878284243436
ENSG00000188124	OR2AG2	TCGA-KICH	0.0237289603590855	4927.1698113208	1	0.148213455597018
ENSG00000109536	FRG1	TCGA-KICH	0.0263024694563749	4927.5660377358	1	0.155781822612368
ENSG00000078098	FAP	TCGA-KICH	0.0363462244600533	4927.5714285714	1	0.18127577680475
ENSG00000109339	MAPK10	TCGA-KICH	0.0112961619356548	4927.8333333333	1	0.105424261887827
ENSG00000101558	VAPA	TCGA-KICH	0.017707329809547	4928.0384615385	1	0.12923418211026
ENSG00000006016	CRLF1	TCGA-KICH	0.0348779305140767	4928.3409090909	1	0.178049232092603
ENSG00000257008	GPR142	TCGA-KICH	0.0285524265995209	4928.6041666667	1	0.160613667717361
ENSG00000075429	CACNG5	TCGA-KICH	0.0233331046490801	4929.0212765957	1	0.147510688058314
ENSG00000049089	COL9A2	TCGA-KICH	0.0230277997363112	4929.0980392157	1	0.146461561865379
ENSG00000129292	PHF20L1	TCGA-KICH	0.0339742942624894	4929.1111111111	1	0.175418384581333
ENSG00000111725	PRKAB1	TCGA-KICH	0.0175043637170852	4929.28	1	0.128474970178332
ENSG00000130766	SESN2	TCGA-KICH	0.0108862082096889	4930.64	1	0.104065750902148
ENSG00000173227	SYT12	TCGA-KICH	0.0131921446850777	4930.7049180328	1	0.113296099461177
ENSG00000119608	PROX2	TCGA-KICH	0.00845127631834419	4931.08	1	0.0921740437356524
ENSG00000197863	ZNF790	TCGA-KICH	0.0306172335485225	4931.1555555556	1	0.166483677248116
ENSG00000163012	ZSWIM2	TCGA-KICH	0.0111644304297393	4931.2727272727	1	0.104989914258443
ENSG00000100439	ABHD4	TCGA-KICH	0.0208010670473409	4931.2916666667	1	0.139326260461382
ENSG00000149313	AASDHPPT	TCGA-KICH	0.014357217638667	4931.3181818182	1	0.118196170193832
ENSG00000140650	PMM2	TCGA-KICH	0.0166478175637292	4933.2127659574	1	0.126537635635085
ENSG00000126262	FFAR2	TCGA-KICH	0.0203407649687045	4934.0975609756	1	0.137799217840018
ENSG00000197454	OR2L5	TCGA-KICH	0.0110630535971794	4934.1034482759	1	0.104739443651862
ENSG00000122591	FAM126A	TCGA-KICH	0.0290386609745011	4934.1923076923	1	0.161983335251353
ENSG00000141013	GAS8	TCGA-KICH	0.0269680056137431	4934.347826087	1	0.157275334657153
ENSG00000068366	ACSL4	TCGA-KICH	0.026341148344833	4936.8490566038	1	0.15587838693157
ENSG00000003393	ALS2	TCGA-KICH	0.0206721385252474	4937.1276595745	1	0.138857590224821
ENSG00000197921	HES5	TCGA-KICH	0.0159202792196574	4937.1875	1	0.124190585339899
ENSG00000198570	RD3	TCGA-KICH	0.0263464430796518	4937.4444444444	1	0.15587838693157
ENSG00000126870	WDR60	TCGA-KICH	0.0398783257426249	4938.0888888889	1	0.187858186519394
ENSG00000068120	COASY	TCGA-KICH	0.032138281614584	4938.2777777778	1	0.17014696861407
ENSG00000100053	CRYBB3	TCGA-KICH	0.011998634465799	4938.3793103448	1	0.108325029953482
ENSG00000174791	RIN1	TCGA-KICH	0.0166255874069454	4938.7924528302	1	0.126488732694646
ENSG00000124657	OR2B6	TCGA-KICH	0.0304038942427006	4938.8974358974	1	0.166213931071656
ENSG00000188694	KRTAP24-1	TCGA-KICH	0.0058105842295493	4938.92	1	0.0774825199302515
ENSG00000138750	NUP54	TCGA-KICH	0.0266129611242804	4938.9347826087	1	0.156625228133712
ENSG00000171368	TPPP	TCGA-KICH	0.0433302981139324	4939	1	0.194435340141237
ENSG00000070669	ASNS	TCGA-KICH	0.00565322730120989	4939.4047619048	1	0.0766608257653483
ENSG00000162772	ATF3	TCGA-KICH	0.0195591097755379	4940.4150943396	1	0.134900578404496
ENSG00000162819	BROX	TCGA-KICH	0.0372381277223729	4941.0434782609	1	0.183047457174279
ENSG00000155926	SLA	TCGA-KICH	0.0175982907257783	4941.2641509434	1	0.128928008222021
ENSG00000106526	ACTR3C	TCGA-KICH	0.0175509876946722	4941.693877551	1	0.128720428890243
ENSG00000133398	MED10	TCGA-KICH	0.0270521085653631	4942.6590909091	1	0.157275334657153
ENSG00000182674	KCNB2	TCGA-KICH	0.029499436706334	4942.7173913043	1	0.163532093297462
ENSG00000162302	RPS6KA4	TCGA-KICH	0.0245605808258557	4943.1020408163	1	0.150704100354819
ENSG00000030110	BAK1	TCGA-KICH	0.0203997303431173	4943.5	1	0.138052254096751
ENSG00000168453	HR	TCGA-KICH	0.0140792065466898	4943.537037037	1	0.117058288691193
ENSG00000100526	CDKN3	TCGA-KICH	0.0217045504311055	4943.8461538462	1	0.143036754081083
ENSG00000187609	EXD3	TCGA-KICH	0.0185101594792077	4943.9807692308	1	0.131284412781006
ENSG00000188822	CNR2	TCGA-KICH	0.0300815361779779	4945.1555555556	1	0.165154542986053
ENSG00000176209	SMIM19	TCGA-KICH	0.0385609531621204	4945.3269230769	1	0.185167188707416
ENSG00000111670	GNPTAB	TCGA-KICH	0.0220321599126713	4945.5294117647	1	0.143432943496517
ENSG00000176244	ACBD7	TCGA-KICH	0.0264180774033533	4946.2745098039	1	0.156062526600776
ENSG00000144229	THSD7B	TCGA-KICH	0.0239943563165811	4946.2916666667	1	0.148984845521946
ENSG00000160570	DEDD2	TCGA-KICH	0.021317064929088	4946.3157894737	1	0.141188087195759
ENSG00000196208	GREB1	TCGA-KICH	0.0268729444802362	4946.6862745098	1	0.157275334657153
ENSG00000170054	SERPINA9	TCGA-KICH	0.0383385694626413	4947.2391304348	1	0.184928933632992
ENSG00000133731	IMPA1	TCGA-KICH	0.0356779911082517	4947.3414634146	1	0.179849867043957
ENSG00000111906	HDDC2	TCGA-KICH	0.0212227084644593	4947.3461538462	1	0.14085440367108
ENSG00000163904	SENP2	TCGA-KICH	0.0295470220205532	4947.5098039216	1	0.163565695699675
ENSG00000149262	INTS4	TCGA-KICH	0.0208313367058919	4947.7111111111	1	0.139362541357632
ENSG00000171385	KCND3	TCGA-KICH	0.0308417250281496	4948.0681818182	1	0.167158336255252
ENSG00000130561	SAG	TCGA-KICH	0.0343814987282415	4948.6101694915	1	0.176490648273031
ENSG00000144868	TMEM108	TCGA-KICH	0.0308402799386205	4949.4035087719	1	0.167158336255252
ENSG00000172828	CES3	TCGA-KICH	0.0444079345376513	4949.4888888889	1	0.196016707945551
ENSG00000137571	SLCO5A1	TCGA-KICH	0.0423489897189312	4950.2708333333	1	0.192730625276693
ENSG00000133710	SPINK5	TCGA-KICH	0.0213519621398856	4951.0925925926	1	0.141360758028221
ENSG00000020129	NCDN	TCGA-KICH	0.011475471936174	4951.5882352941	1	0.106227670961158
ENSG00000167207	NOD2	TCGA-KICH	0.0296431181386365	4952.0576923077	1	0.163758032766562
ENSG00000136237	RAPGEF5	TCGA-KICH	0.0167354301915854	4952.2291666667	1	0.126944440912066
ENSG00000111880	RNGTT	TCGA-KICH	0.0200083510695048	4952.5172413793	1	0.136845197679379
ENSG00000164008	C1orf50	TCGA-KICH	0.0210949292884814	4952.52	1	0.140413671053628
ENSG00000175325	PROP1	TCGA-KICH	0.0189747974610723	4952.8125	1	0.132815289046797
ENSG00000145632	PLK2	TCGA-KICH	0.0374308730555226	4952.9591836735	1	0.183600438586277
ENSG00000105963	ADAP1	TCGA-KICH	0.0130033731989827	4953.0377358491	1	0.112627918757008
ENSG00000140795	MYLK3	TCGA-KICH	0.0247092580067838	4954.2264150943	1	0.150922489312983
ENSG00000241973	PI4KA	TCGA-KICH	0.0177649380269062	4954.2941176471	1	0.129357632281917
ENSG00000187048	CYP4A11	TCGA-KICH	0.0218947740682239	4954.431372549	1	0.143354377229193
ENSG00000163608	C3orf17	TCGA-KICH	0.00368974560090959	4954.7547169811	1	0.0622958034796675
ENSG00000198712	MT-CO2	TCGA-KICH	0.0361130561828161	4954.98	1	0.180734560864937
ENSG00000115590	IL1R2	TCGA-KICH	0.0281120105486753	4955.0188679245	1	0.159650301041502
ENSG00000181915	ADO	TCGA-KICH	0.0298701604065369	4955.0208333333	1	0.164406079895361
ENSG00000152520	PAN3	TCGA-KICH	0.0305234481121824	4955.06	1	0.166253782009037
ENSG00000135624	CCT7	TCGA-KICH	0.0278994181065162	4955.4583333333	1	0.15910069387221
ENSG00000008311	AASS	TCGA-KICH	0.0454624454833414	4955.9024390244	1	0.197794366861101
ENSG00000086619	ERO1LB	TCGA-KICH	0.0266262410011078	4956.0408163265	1	0.156625228133712
ENSG00000115548	KDM3A	TCGA-KICH	0.0204047871031941	4956.2352941176	1	0.138052254096751
ENSG00000078902	TOLLIP	TCGA-KICH	0.0224041748237431	4956.6304347826	1	0.144445595733593
ENSG00000114745	GORASP1	TCGA-KICH	0.0233493346380161	4956.847826087	1	0.147510688058314
ENSG00000149089	APIP	TCGA-KICH	0.0234418873029218	4957	1	0.147680963631479
ENSG00000197599	CCDC154	TCGA-KICH	0.0401832231678262	4957.3	1	0.188333134045284
ENSG00000198846	TOX	TCGA-KICH	0.0208894111307412	4957.3023255814	1	0.139626009707354
ENSG00000124160	NCOA5	TCGA-KICH	0.0302152675774983	4957.4468085106	1	0.165661592007407
ENSG00000164916	FOXK1	TCGA-KICH	0.0419754650538229	4957.8536585366	1	0.191903246599193
ENSG00000170382	LRRN2	TCGA-KICH	0.0106850235172848	4957.8571428571	1	0.103237613356555
ENSG00000091127	PUS7	TCGA-KICH	0.00628771684366859	4958.3275862069	1	0.0800628304868802
ENSG00000163825	RTP3	TCGA-KICH	0.0222607350218208	4958.4888888889	1	0.143963065819035
ENSG00000124143	ARHGAP40	TCGA-KICH	0.0384861402906468	4958.7291666667	1	0.185167188707416
ENSG00000125898	FAM110A	TCGA-KICH	0.0202782590996125	4958.7857142857	1	0.13771920817381
ENSG00000153246	PLA2R1	TCGA-KICH	0.027814545524152	4959.3846153846	1	0.158897023289606
ENSG00000163001	CCDC104	TCGA-KICH	0.0180117111891917	4959.4716981132	1	0.130043463252553
ENSG00000122735	DNAI1	TCGA-KICH	0.0159804649731722	4959.4727272727	1	0.124478184117389
ENSG00000171700	RGS19	TCGA-KICH	0.0162495475450311	4959.5	1	0.125234121238533
ENSG00000141959	PFKL	TCGA-KICH	0.00633488436534771	4959.9444444444	1	0.080073538367043
ENSG00000198917	C9orf114	TCGA-KICH	0.0148630171823276	4960.1730769231	1	0.120096478393026
ENSG00000091592	NLRP1	TCGA-KICH	0.0227336196556569	4960.1836734694	1	0.145460764907541
ENSG00000182890	GLUD2	TCGA-KICH	0.0437891718979523	4960.6976744186	1	0.195265426861753
ENSG00000138640	FAM13A	TCGA-KICH	0.0172745453834858	4960.7291666667	1	0.128205479851552
ENSG00000155657	TTN	TCGA-KICH	0.0231291543592006	4960.7755102041	1	0.146756500420997
ENSG00000184730	APOBR	TCGA-KICH	0.0298733495157978	4961.0731707317	1	0.164406079895361
ENSG00000196531	NACA	TCGA-KICH	0.0427807763107622	4961.1555555556	1	0.193650122277235
ENSG00000101280	ANGPT4	TCGA-KICH	0.0122947507262185	4961.6829268293	1	0.109376148196902
ENSG00000183304	FAM9A	TCGA-KICH	0.0286623703679552	4962.1666666667	1	0.161005914220555
ENSG00000131386	GALNT15	TCGA-KICH	0.020087287842469	4962.3958333333	1	0.13695100672505
ENSG00000177425	PAWR	TCGA-KICH	0.0374453603066	4962.8653846154	1	0.183615261883098
ENSG00000159128	IFNGR2	TCGA-KICH	0.0162369665626377	4963.0769230769	1	0.125230847040786
ENSG00000137804	NUSAP1	TCGA-KICH	0.0440593088270246	4963.2564102564	1	0.195560602488902
ENSG00000166800	LDHAL6A	TCGA-KICH	0.0211374358629307	4963.2916666667	1	0.140579748897357
ENSG00000189252	SPANXN3	TCGA-KICH	0.015915467990798	4963.2916666667	1	0.124190585339899
ENSG00000136378	ADAMTS7	TCGA-KICH	0.0438197760475228	4963.725	1	0.195316925522148
ENSG00000221983	UBA52	TCGA-KICH	0.0130640423567688	4964.0175438596	1	0.112855160604498
ENSG00000013375	PGM3	TCGA-KICH	0.042958154641811	4964.1707317073	1	0.194016545589689
ENSG00000095637	SORBS1	TCGA-KICH	0.00711916793870043	4964.9019607843	1	0.085021233809312
ENSG00000055813	CCDC85A	TCGA-KICH	0.0387440075633354	4965.4761904762	1	0.185388035700823
ENSG00000129197	RPAIN	TCGA-KICH	0.0180167867006663	4966.4339622642	1	0.130043463252553
ENSG00000136197	C7orf25	TCGA-KICH	0.0206788219825315	4966.7413793103	1	0.138857590224821
ENSG00000187325	TAF9B	TCGA-KICH	0.038309912999075	4966.9428571429	1	0.184928933632992
ENSG00000136943	CTSV	TCGA-KICH	0.0161447232525772	4967.2549019608	1	0.12494217956581
ENSG00000132570	PCBD2	TCGA-KICH	0.0385037510490455	4967.6739130435	1	0.185167188707416
ENSG00000152253	SPC25	TCGA-KICH	0.0393496646655057	4967.9583333333	1	0.186956969784123
ENSG00000205867	KRTAP5-2	TCGA-KICH	0.00820784771435091	4968.1904761905	1	0.0908422122635313
ENSG00000171724	VAT1L	TCGA-KICH	0.0397502708051691	4968.2037037037	1	0.187804947473353
ENSG00000165125	TRPV6	TCGA-KICH	0.0158672464384441	4968.2954545455	1	0.124094299391558
ENSG00000099940	SNAP29	TCGA-KICH	0.0331930187010017	4969.0208333333	1	0.172986070451201
ENSG00000081052	COL4A4	TCGA-KICH	0.0226511461027066	4969.5	1	0.145452327519987
ENSG00000171533	MAP6	TCGA-KICH	0.0233191063346984	4969.693877551	1	0.147494268542731
ENSG00000057252	SOAT1	TCGA-KICH	0.0236342934963464	4970.0204081633	1	0.148165951767186
ENSG00000119125	GDA	TCGA-KICH	0.027518851859639	4970.2173913043	1	0.158282958762171
ENSG00000198732	SMOC1	TCGA-KICH	0.0278069342694912	4970.380952381	1	0.158897023289606
ENSG00000179115	FARSA	TCGA-KICH	0.0297207076153211	4970.8333333333	1	0.163877196547666
ENSG00000105428	ZNRF4	TCGA-KICH	0.0149929984440663	4971.306122449	1	0.120720397225602
ENSG00000172216	CEBPB	TCGA-KICH	0.0350526899310762	4971.5416666667	1	0.178273508885226
ENSG00000170820	FSHR	TCGA-KICH	0.0246922546891491	4971.5490196078	1	0.150922489312983
ENSG00000156510	HKDC1	TCGA-KICH	0.0277930138118526	4971.6530612245	1	0.158897023289606
ENSG00000160200	CBS	TCGA-KICH	0.0173839167052682	4971.6530612245	1	0.128205479851552
ENSG00000006757	PNPLA4	TCGA-KICH	0.0201412486961577	4971.7755102041	1	0.137155274837404
ENSG00000100350	FOXRED2	TCGA-KICH	0.0238460136975229	4972	1	0.148434348889538
ENSG00000197324	LRP10	TCGA-KICH	0.0129328340073204	4972.0384615385	1	0.112351554573146
ENSG00000133961	NUMB	TCGA-KICH	0.024654915383395	4972.1875	1	0.150878284243436
ENSG00000106261	ZKSCAN1	TCGA-KICH	0.0248085518757658	4972.1923076923	1	0.151202393538748
ENSG00000023892	DEF6	TCGA-KICH	0.0174509813863563	4972.8888888889	1	0.128270671600653
ENSG00000136878	USP20	TCGA-KICH	0.0296085332421605	4973.3018867925	1	0.163736415702072
ENSG00000221910	OR2F2	TCGA-KICH	0.0295006868616491	4973.4255319149	1	0.163532093297462
ENSG00000080503	SMARCA2	TCGA-KICH	0.030500540979992	4973.8979591837	1	0.166253782009037
ENSG00000163704	PRRT3	TCGA-KICH	0.00845719152471174	4974.3518518519	1	0.0921740437356524
ENSG00000129245	FXR2	TCGA-KICH	0.0154912029273676	4974.5769230769	1	0.122574908538435
ENSG00000138686	BBS7	TCGA-KICH	0.0149574738856255	4975.2363636364	1	0.12055558343145
ENSG00000169679	BUB1	TCGA-KICH	0.0216001650476885	4975.2708333333	1	0.142591361598818
ENSG00000188186	LAMTOR4	TCGA-KICH	0.030228957029998	4975.9361702128	1	0.165679927048398
ENSG00000136488	CSH1	TCGA-KICH	0.0120608847938679	4976.1086956522	1	0.108575081491734
ENSG00000258429	PDF	TCGA-KICH	0.0388323101066672	4976.4375	1	0.185475528290568
ENSG00000148826	NKX6-2	TCGA-KICH	0.0255843097697404	4976.6304347826	1	0.153896542191901
ENSG00000144118	RALB	TCGA-KICH	0.0328505567380335	4976.7872340426	1	0.172097371985478
ENSG00000116704	SLC35D1	TCGA-KICH	0.0138966585928455	4976.8653846154	1	0.116277422865424
ENSG00000184307	ZDHHC23	TCGA-KICH	0.0110242373277996	4977.3137254902	1	0.104655570565212
ENSG00000125817	CENPB	TCGA-KICH	0.0332684807070545	4977.320754717	1	0.173223222794518
ENSG00000272772	CTD-2410N18.5	TCGA-KICH	0.0273718111191069	4977.3260869565	1	0.158282958762171
ENSG00000152785	BMP3	TCGA-KICH	0.0442641384372727	4977.3555555556	1	0.195988437122732
ENSG00000187510	PLEKHG7	TCGA-KICH	0.0330709898433687	4977.5833333333	1	0.172630998155655
ENSG00000142197	DOPEY2	TCGA-KICH	0.0388589688802393	4977.6170212766	1	0.185492216577357
ENSG00000180667	YOD1	TCGA-KICH	0.034997094617408	4977.6304347826	1	0.178261815669698
ENSG00000139220	PPFIA2	TCGA-KICH	0.0377210301416159	4977.9565217391	1	0.184114299359902
ENSG00000162669	HFM1	TCGA-KICH	0.0439710141816831	4978.0238095238	1	0.195553744349705
ENSG00000172296	SPTLC3	TCGA-KICH	0.0219339093284914	4978.4117647059	1	0.143422046239392
ENSG00000130592	LSP1	TCGA-KICH	0.0310158277959399	4978.7333333333	1	0.167188987597434
ENSG00000104290	FZD3	TCGA-KICH	0.0140850029539762	4978.8333333333	1	0.117058288691193
ENSG00000166851	PLK1	TCGA-KICH	0.034578940365781	4979.2142857143	1	0.177228510299186
ENSG00000168131	OR2B2	TCGA-KICH	0.026758097034099	4979.75	1	0.156856121523095
ENSG00000183496	MEX3B	TCGA-KICH	0.0173726211005398	4979.75	1	0.128205479851552
ENSG00000103037	SETD6	TCGA-KICH	0.0310596056392466	4980.085106383	1	0.167242708356321
ENSG00000173908	KRT28	TCGA-KICH	0.0109020266562988	4980.6744186047	1	0.104065750902148
ENSG00000172519	OR10H5	TCGA-KICH	0.0299288127322723	4981.56	1	0.164576122439937
ENSG00000164823	OSGIN2	TCGA-KICH	0.0144211902988302	4981.9361702128	1	0.118317296432257
ENSG00000214415	GNAT3	TCGA-KICH	0.00770609549484608	4982.3333333333	1	0.0874650030828916
ENSG00000153832	FBXO36	TCGA-KICH	0.0235391017038884	4983.8181818182	1	0.147950829587038
ENSG00000173992	CCS	TCGA-KICH	0.0360529527694778	4984.3333333333	1	0.180631972924008
ENSG00000104427	ZC2HC1A	TCGA-KICH	0.0398016687111412	4984.3409090909	1	0.187804947473353
ENSG00000104691	UBXN8	TCGA-KICH	0.0239958821410403	4984.3829787234	1	0.148984845521946
ENSG00000169826	CSGALNACT2	TCGA-KICH	0.0217679658417176	4984.3846153846	1	0.143081427180976
ENSG00000188643	S100A16	TCGA-KICH	0.0376525897417376	4984.425	1	0.18406783416176
ENSG00000113249	HAVCR1	TCGA-KICH	0.0193866985475493	4984.6851851852	1	0.134231723838738
ENSG00000163737	PF4	TCGA-KICH	0.0326233759303843	4984.9615384615	1	0.171355646285702
ENSG00000122741	DCAF10	TCGA-KICH	0.0114729798810531	4985.6481481481	1	0.106227670961158
ENSG00000108107	RPL28	TCGA-KICH	0.0335581711624829	4985.6666666667	1	0.174264464272412
ENSG00000185821	OR6C76	TCGA-KICH	0.0229336795952457	4986.8333333333	1	0.146036929907698
ENSG00000101892	ATP1B4	TCGA-KICH	0.0431663306352818	4987.0392156863	1	0.194261502804994
ENSG00000164794	KCNV1	TCGA-KICH	0.0293462353379261	4987.4680851064	1	0.163112998073925
ENSG00000197063	MAFG	TCGA-KICH	0.0252256202467252	4987.54	1	0.152794367719858
ENSG00000187187	ZNF546	TCGA-KICH	0.028575977997328	4988.0612244898	1	0.160689707734273
ENSG00000197959	DNM3	TCGA-KICH	0.0260795666485722	4988.3829787234	1	0.155323265108547
ENSG00000130559	CAMSAP1	TCGA-KICH	0.0437305034132433	4988.649122807	1	0.195168081432495
ENSG00000091428	RAPGEF4	TCGA-KICH	0.0264735915383076	4988.7450980392	1	0.156232142713623
ENSG00000233136	USP17L11	TCGA-KICH	0.0334481404571199	4988.8571428571	1	0.173806609156644
ENSG00000136052	SLC41A2	TCGA-KICH	0.0336003750901895	4988.8888888889	1	0.174264464272412
ENSG00000174837	EMR1	TCGA-KICH	0.020134137598771	4988.9818181818	1	0.137155274837404
ENSG00000186230	ZNF749	TCGA-KICH	0.0163022860944153	4989	1	0.125459448247026
ENSG00000143093	STRIP1	TCGA-KICH	0.0366413458699855	4989.1304347826	1	0.181506697837246
ENSG00000132640	BTBD3	TCGA-KICH	0.0178851769785412	4990.1153846154	1	0.129665508968464
ENSG00000122861	PLAU	TCGA-KICH	0.0337767778271988	4990.1951219512	1	0.174777091083228
ENSG00000039650	PNKP	TCGA-KICH	0.0122623392695923	4990.7	1	0.109343743542606
ENSG00000166260	COX11	TCGA-KICH	0.0116223359332481	4990.7254901961	1	0.106716084301012
ENSG00000134480	CCNH	TCGA-KICH	0.0401332416707968	4991.8333333333	1	0.188277203255525
ENSG00000116521	SCAMP3	TCGA-KICH	0.0407864845926805	4992.1764705882	1	0.189070035340242
ENSG00000205678	TECRL	TCGA-KICH	0.0281459012698251	4992.2678571429	1	0.15976517998374
ENSG00000135108	FBXO21	TCGA-KICH	0.0275104991860649	4992.4827586207	1	0.158282958762171
ENSG00000130717	UCK1	TCGA-KICH	0.035455668412614	4993.1590909091	1	0.179396363082968
ENSG00000198522	GPN1	TCGA-KICH	0.0166161695257142	4993.375	1	0.12647716490224
ENSG00000153779	TGIF2LX	TCGA-KICH	0.0183033060839738	4993.4680851064	1	0.130627204516417
ENSG00000108666	C17orf75	TCGA-KICH	0.0341777760585647	4993.6304347826	1	0.175885952306528
ENSG00000163682	RPL9	TCGA-KICH	0.0173713318943206	4994.2352941176	1	0.128205479851552
ENSG00000156471	PTDSS1	TCGA-KICH	0.0222941832298536	4994.875	1	0.143993877412975
ENSG00000102981	PARD6A	TCGA-KICH	0.00964798413351229	4995.0652173913	1	0.0987300101585938
ENSG00000187513	GJA4	TCGA-KICH	0.0248075491215806	4995.5106382979	1	0.151202393538748
ENSG00000242265	PEG10	TCGA-KICH	0.0170566077334518	4996.4042553191	1	0.128124565127219
ENSG00000082146	STRADB	TCGA-KICH	0.0211903354373197	4996.4583333333	1	0.140721679336167
ENSG00000163064	EN1	TCGA-KICH	0.0424601251592779	4996.5102040816	1	0.192907490617258
ENSG00000115233	PSMD14	TCGA-KICH	0.0173336920890452	4997.5510204082	1	0.128205479851552
ENSG00000185198	PRSS57	TCGA-KICH	0.0366293344892054	4997.9607843137	1	0.181506697837246
ENSG00000064300	NGFR	TCGA-KICH	0.0198890794506192	4998.0862068966	1	0.136412679829408
ENSG00000166526	ZNF3	TCGA-KICH	0.0358746410460551	4998.3421052632	1	0.180326729851049
ENSG00000142599	RERE	TCGA-KICH	0.00968712490536052	4998.8709677419	1	0.0987721979919973
ENSG00000187566	NHLRC1	TCGA-KICH	0.0459850604878342	4999.25	1	0.199040741543964
ENSG00000110844	PRPF40B	TCGA-KICH	0.0356668793972272	4999.4509803922	1	0.179849867043957
ENSG00000147117	ZNF157	TCGA-KICH	0.0143045098460384	4999.74	1	0.118043715834693
ENSG00000082482	KCNK2	TCGA-KICH	0.0171438903425166	4999.9019607843	1	0.128205479851552
ENSG00000154099	DNAAF1	TCGA-KICH	0.0260674267948016	5000.1458333333	1	0.155308720282272
ENSG00000133243	BTBD2	TCGA-KICH	0.0422396355280291	5000.2826086957	1	0.192463825870643
ENSG00000082068	WDR70	TCGA-KICH	0.0228095644626311	5000.5660377358	1	0.145656285863573
ENSG00000196754	S100A2	TCGA-KICH	0.0403579143290717	5001.2083333333	1	0.18858538993148
ENSG00000151413	NUBPL	TCGA-KICH	0.0192237261101541	5001.5	1	0.133797467907048
ENSG00000186417	GLDN	TCGA-KICH	0.0385184091939099	5002.6818181818	1	0.185167188707416
ENSG00000070019	GUCY2C	TCGA-KICH	0.0269000416959091	5002.7272727273	1	0.157275334657153
ENSG00000107736	CDH23	TCGA-KICH	0.0221378138474532	5003.2105263158	1	0.143721441488538
ENSG00000184344	GDF3	TCGA-KICH	0.036354134959558	5003.2553191489	1	0.18127577680475
ENSG00000120658	ENOX1	TCGA-KICH	0.0271001405297953	5003.4782608696	1	0.157275334657153
ENSG00000148200	NR6A1	TCGA-KICH	0.0358851881383261	5004.1086956522	1	0.180326729851049
ENSG00000163348	PYGO2	TCGA-KICH	0.0163676080597921	5004.4693877551	1	0.125660231580811
ENSG00000151572	ANO4	TCGA-KICH	0.00899889766749558	5004.9607843137	1	0.0953293210438824
ENSG00000257591	ZNF625	TCGA-KICH	0.0252941906330822	5005.5344827586	1	0.153036064597209
ENSG00000171608	PIK3CD	TCGA-KICH	0.0442295281575297	5005.6530612245	1	0.195943538988337
ENSG00000196781	TLE1	TCGA-KICH	0.0168267944043052	5005.9361702128	1	0.127297440768046
ENSG00000117632	STMN1	TCGA-KICH	0.040839834090509	5006.9302325581	1	0.18925056219893
ENSG00000182732	RGS6	TCGA-KICH	0.0165087601365806	5007.12	1	0.126199424146701
ENSG00000140798	ABCC12	TCGA-KICH	0.0234703014010305	5007.6271186441	1	0.14769228956287
ENSG00000173706	HEG1	TCGA-KICH	0.0261796413475434	5008.7818181818	1	0.15559736154794
ENSG00000204560	DHX16	TCGA-KICH	0.031543521146028	5008.8571428571	1	0.168441025706536
ENSG00000125746	EML2	TCGA-KICH	0.0320291927057775	5008.8723404255	1	0.169789150065745
ENSG00000163950	SLBP	TCGA-KICH	0.0207404681459831	5009.0566037736	1	0.139041755021421
ENSG00000178804	H1FOO	TCGA-KICH	0.0283177381996706	5009.4117647059	1	0.160080683822
ENSG00000175809	ZNF645	TCGA-KICH	0.0273873618000558	5009.5614035088	1	0.158282958762171
ENSG00000260371	RP11-343C2.9	TCGA-KICH	0.0243701563930386	5010.4150943396	1	0.149822669725341
ENSG00000071203	MS4A12	TCGA-KICH	0.0289808525886888	5011.152173913	1	0.161773563683461
ENSG00000089060	SLC8B1	TCGA-KICH	0.0291040225102019	5011.5294117647	1	0.162215199503326
ENSG00000177000	MTHFR	TCGA-KICH	0.0462419411854226	5011.7959183673	1	0.199720789666813
ENSG00000138663	COPS4	TCGA-KICH	0.0371532691594634	5012.14	1	0.182824217854693
ENSG00000166619	BLCAP	TCGA-KICH	0.0164097605015945	5012.3272727273	1	0.125744714466201
ENSG00000135373	EHF	TCGA-KICH	0.0320866082885349	5012.4705882353	1	0.169929573988388
ENSG00000113739	STC2	TCGA-KICH	0.0180523340164007	5012.7647058824	1	0.130184075334428
ENSG00000167083	GNGT2	TCGA-KICH	0.0383483601995109	5013.4905660377	1	0.184928933632992
ENSG00000087111	PIGS	TCGA-KICH	0.0412388864981248	5013.8048780488	1	0.190238986033954
ENSG00000165272	AQP3	TCGA-KICH	0.0200185358281252	5013.8541666667	1	0.136845197679379
ENSG00000138380	CARF	TCGA-KICH	0.033276342989581	5014.3958333333	1	0.173223222794518
ENSG00000198753	PLXNB3	TCGA-KICH	0.0222067260145359	5014.693877551	1	0.143883822533806
ENSG00000103415	HMOX2	TCGA-KICH	0.0309069810409084	5014.8163265306	1	0.167158336255252
ENSG00000119820	YIPF4	TCGA-KICH	0.0305777805418336	5015.0425531915	1	0.166395907365771
ENSG00000067715	SYT1	TCGA-KICH	0.0381304342926737	5015.6590909091	1	0.18481137415527
ENSG00000159348	CYB5R1	TCGA-KICH	0.0133655015389366	5015.7307692308	1	0.114069020939102
ENSG00000122882	ECD	TCGA-KICH	0.0460377872731586	5016.0444444444	1	0.199161308260301
ENSG00000110442	COMMD9	TCGA-KICH	0.0221633691699099	5016.5416666667	1	0.143751884671219
ENSG00000177464	GPR4	TCGA-KICH	0.008419562402518	5017.1	1	0.0920404722705295
ENSG00000149932	TMEM219	TCGA-KICH	0.0200375158309055	5017.1607142857	1	0.136903078511925
ENSG00000079974	RABL2B	TCGA-KICH	0.0219272129287206	5017.2765957447	1	0.143422046239392
ENSG00000171475	WIPF2	TCGA-KICH	0.0158645281512287	5017.4912280702	1	0.124094299391558
ENSG00000243772	KIR2DL3	TCGA-KICH	0.039019842720486	5017.7333333333	1	0.18609374066962
ENSG00000163960	UBXN7	TCGA-KICH	0.0390760924622062	5018.0196078431	1	0.186140279828147
ENSG00000150347	ARID5B	TCGA-KICH	0.0365876555720533	5018.1836734694	1	0.181506697837246
ENSG00000108384	RAD51C	TCGA-KICH	0.0342517273629741	5019.1333333333	1	0.176051630251745
ENSG00000115944	COX7A2L	TCGA-KICH	0.0284012881332165	5019.1428571429	1	0.160245027790204
ENSG00000156587	UBE2L6	TCGA-KICH	0.0387940755742955	5019.2727272727	1	0.185444982938626
ENSG00000150403	TMCO3	TCGA-KICH	0.035255974154859	5019.3888888889	1	0.178866644966485
ENSG00000071127	WDR1	TCGA-KICH	0.0310620146323134	5019.9322033898	1	0.167242708356321
ENSG00000185640	KRT79	TCGA-KICH	0.0140611912852795	5020.0408163265	1	0.11704260833355
ENSG00000196924	FLNA	TCGA-KICH	0.0394651596476719	5020.2857142857	1	0.187269490891101
ENSG00000010327	STAB1	TCGA-KICH	0.0221354410207705	5020.3617021277	1	0.143721441488538
ENSG00000122694	GLIPR2	TCGA-KICH	0.0252246473023365	5020.6851851852	1	0.152794367719858
ENSG00000135698	MPHOSPH6	TCGA-KICH	0.0182461209464026	5020.9056603774	1	0.130496280975418
ENSG00000273841	TAF9	TCGA-KICH	0.0246129773200837	5021.8148148148	1	0.150852212698485
ENSG00000134108	ARL8B	TCGA-KICH	0.0430360352798499	5021.8431372549	1	0.194092397917994
ENSG00000175322	ZNF519	TCGA-KICH	0.0183307835593379	5023.2592592593	1	0.130648642057319
ENSG00000198944	SOWAHA	TCGA-KICH	0.0228778516182557	5023.9318181818	1	0.145913498075016
ENSG00000197119	SLC25A29	TCGA-KICH	0.0333483792206229	5023.9333333333	1	0.173400744551388
ENSG00000174015	SPERT	TCGA-KICH	0.0340102456525156	5024.0363636364	1	0.175418384581333
ENSG00000143977	SNRPG	TCGA-KICH	0.0285298954072841	5024.4807692308	1	0.160586093452998
ENSG00000197008	ZNF138	TCGA-KICH	0.0187357079140791	5025.3673469388	1	0.132007198523527
ENSG00000053770	AP5M1	TCGA-KICH	0.0398606381852767	5025.6590909091	1	0.187858186519394
ENSG00000092531	SNAP23	TCGA-KICH	0.0310506497796508	5025.9166666667	1	0.167242708356321
ENSG00000113645	WWC1	TCGA-KICH	0.0273721940394815	5026.6346153846	1	0.158282958762171
ENSG00000139567	ACVRL1	TCGA-KICH	0.037981842895347	5027.2391304348	1	0.184494757042458
ENSG00000082805	ERC1	TCGA-KICH	0.0307247792592461	5028.1851851852	1	0.166855659490277
ENSG00000140374	ETFA	TCGA-KICH	0.025752010245916	5028.4230769231	1	0.154348220092943
ENSG00000016082	ISL1	TCGA-KICH	0.0418540214971122	5028.5	1	0.191676338083
ENSG00000059588	TARBP1	TCGA-KICH	0.0357423769693781	5029.2545454545	1	0.179947867703424
ENSG00000204007	GLT6D1	TCGA-KICH	0.0194797368328078	5031.3773584906	1	0.134719013048178
ENSG00000165757	KIAA1462	TCGA-KICH	0.0420357201033758	5032.2745098039	1	0.192123874844624
ENSG00000137760	ALKBH8	TCGA-KICH	0.041380826700394	5034.7111111111	1	0.190599349901297
ENSG00000004777	ARHGAP33	TCGA-KICH	0.0182704535807075	5034.7924528302	1	0.13056729767739
ENSG00000104388	RAB2A	TCGA-KICH	0.0267502803101987	5034.9565217391	1	0.156856121523095
ENSG00000123737	EXOSC9	TCGA-KICH	0.0379143715018663	5035.0754716981	1	0.184352910386958
ENSG00000229415	SFTA3	TCGA-KICH	0.0154738079421276	5035.4791666667	1	0.122497792483032
ENSG00000120211	INSL4	TCGA-KICH	0.0419005530216826	5035.5102040816	1	0.191724959040642
ENSG00000023287	RB1CC1	TCGA-KICH	0.0263479733639563	5036.2075471698	1	0.15587838693157
ENSG00000232196	MTRNR2L4	TCGA-KICH	0.0374118342575232	5036.2083333333	1	0.183563273784998
ENSG00000107077	KDM4C	TCGA-KICH	0.0142383052307638	5036.8928571429	1	0.117843130889242
ENSG00000104368	PLAT	TCGA-KICH	0.0398125380375918	5037.1090909091	1	0.187804947473353
ENSG00000136536	MARCH7	TCGA-KICH	0.044910525866937	5037.1860465116	1	0.196890794349575
ENSG00000158481	CD1C	TCGA-KICH	0.02028811218221	5037.6785714286	1	0.13771920817381
ENSG00000131143	COX4I1	TCGA-KICH	0.042127148470718	5037.8085106383	1	0.192377040991887
ENSG00000121774	KHDRBS1	TCGA-KICH	0.0152219714471351	5038.2363636364	1	0.121585971434348
ENSG00000151694	ADAM17	TCGA-KICH	0.0379108447236435	5038.2608695652	1	0.184352910386958
ENSG00000165626	BEND7	TCGA-KICH	0.040789071002219	5038.5918367347	1	0.189070035340242
ENSG00000119714	GPR68	TCGA-KICH	0.0356509010687675	5038.6818181818	1	0.17982651357994
ENSG00000148814	LRRC27	TCGA-KICH	0.0350535922247628	5039.0638297872	1	0.178273508885226
ENSG00000143341	HMCN1	TCGA-KICH	0.015367124114574	5039.1923076923	1	0.122318336329474
ENSG00000187474	FPR3	TCGA-KICH	0.0384338013464767	5039.3	1	0.185167188707416
ENSG00000091583	APOH	TCGA-KICH	0.0457032074424032	5040.0392156863	1	0.19873387651102
ENSG00000091129	NRCAM	TCGA-KICH	0.0246230722728087	5040.8181818182	1	0.150856351357701
ENSG00000161634	DCD	TCGA-KICH	0.0444855642681234	5040.8666666667	1	0.196035709430013
ENSG00000092964	DPYSL2	TCGA-KICH	0.037950026756232	5041.320754717	1	0.184423125717776
ENSG00000172466	ZNF24	TCGA-KICH	0.0161492545551812	5041.6981132075	1	0.12494217956581
ENSG00000173093	CCDC63	TCGA-KICH	0.0295103184283275	5041.7222222222	1	0.163532093297462
ENSG00000114455	HHLA2	TCGA-KICH	0.0328495026307295	5042.3269230769	1	0.172097371985478
ENSG00000181656	GPR88	TCGA-KICH	0.03187710715372	5042.4181818182	1	0.169324003670589
ENSG00000168653	NDUFS5	TCGA-KICH	0.0300612886024614	5042.9375	1	0.165099978384231
ENSG00000101890	GUCY2F	TCGA-KICH	0.0373844289756874	5043.3469387755	1	0.183563273784998
ENSG00000173465	SSSCA1	TCGA-KICH	0.0415673567243096	5043.75	1	0.19093635698377
ENSG00000189023	MAGEB16	TCGA-KICH	0.0283400755903468	5044.1111111111	1	0.160095806328722
ENSG00000176148	TCP11L1	TCGA-KICH	0.045438535283271	5044.3043478261	1	0.197744060478692
ENSG00000185163	DDX51	TCGA-KICH	0.0440399537108814	5044.3137254902	1	0.195560602488902
ENSG00000179344	HLA-DQB1	TCGA-KICH	0.0426472752988397	5044.4509803922	1	0.193373758185424
ENSG00000011422	PLAUR	TCGA-KICH	0.0284469316568038	5044.5	1	0.160358187428269
ENSG00000206527	PTPLB	TCGA-KICH	0.0193579978054159	5044.9038461538	1	0.134148998205857
ENSG00000184371	CSF1	TCGA-KICH	0.0220215305465292	5045.1636363636	1	0.143422046239392
ENSG00000055118	KCNH2	TCGA-KICH	0.0241338904117305	5045.593220339	1	0.149344766207057
ENSG00000094841	UPRT	TCGA-KICH	0.0369883661987246	5045.6078431373	1	0.182378910669435
ENSG00000085840	ORC1	TCGA-KICH	0.0366855571463014	5045.7636363636	1	0.181669510729133
ENSG00000145604	SKP2	TCGA-KICH	0.0262181162360407	5046	1	0.15559736154794
ENSG00000137807	KIF23	TCGA-KICH	0.0172890311826603	5046.625	1	0.128205479851552
ENSG00000244355	LY6G6D	TCGA-KICH	0.0447874945895167	5046.8043478261	1	0.196524296184224
ENSG00000112276	BVES	TCGA-KICH	0.0335134551169948	5046.8163265306	1	0.174089517904207
ENSG00000106302	HYAL4	TCGA-KICH	0.0276402818105196	5046.9655172414	1	0.158602333642233
ENSG00000106089	STX1A	TCGA-KICH	0.0206736649122762	5047.74	1	0.138857590224821
ENSG00000100731	PCNX	TCGA-KICH	0.0386135692095034	5048.0681818182	1	0.185204046388199
ENSG00000221882	OR3A2	TCGA-KICH	0.040262344686332	5048.0816326531	1	0.18844463818821
ENSG00000120265	PCMT1	TCGA-KICH	0.0280055236028489	5048.2558139535	1	0.159314836306834
ENSG00000139187	KLRG1	TCGA-KICH	0.0309862668468164	5048.56	1	0.16716420822482
ENSG00000166592	RRAD	TCGA-KICH	0.0309080985395753	5048.8039215686	1	0.167158336255252
ENSG00000163684	RPP14	TCGA-KICH	0.0349343393940966	5049.4565217391	1	0.178233018603523
ENSG00000152926	ZNF117	TCGA-KICH	0.0394902451325636	5049.5416666667	1	0.187277546875335
ENSG00000120798	NR2C1	TCGA-KICH	0.042980962938213	5049.8043478261	1	0.194016545589689
ENSG00000184220	CMSS1	TCGA-KICH	0.0318068689146486	5051.0196078431	1	0.169117182884095
ENSG00000100150	DEPDC5	TCGA-KICH	0.039754539361903	5051.2222222222	1	0.187804947473353
ENSG00000145113	MUC4	TCGA-KICH	0.0250293679119126	5051.5660377358	1	0.152065753835084
ENSG00000144362	PHOSPHO2	TCGA-KICH	0.0313725865962672	5052	1	0.168093668229916
ENSG00000151065	DCP1B	TCGA-KICH	0.0247092435869907	5053.8958333333	1	0.150922489312983
ENSG00000205542	TMSB4X	TCGA-KICH	0.0242465170235087	5054.0175438596	1	0.149521744371002
ENSG00000146378	TAAR2	TCGA-KICH	0.0450001095708552	5054.1020408163	1	0.197029085983701
ENSG00000077800	FKBP6	TCGA-KICH	0.039239357981064	5054.5185185185	1	0.186751357523548
ENSG00000105507	CABP5	TCGA-KICH	0.0324013399035753	5055.6304347826	1	0.171077426929605
ENSG00000157423	HYDIN	TCGA-KICH	0.0303239727306866	5055.6888888889	1	0.166087012066329
ENSG00000138758	SEPT11	TCGA-KICH	0.0257072848569534	5056.0196078431	1	0.154258586019766
ENSG00000188763	FZD9	TCGA-KICH	0.0169517432393796	5056.2340425532	1	0.127621582807977
ENSG00000157087	ATP2B2	TCGA-KICH	0.0385791659555692	5056.3265306122	1	0.185167188707416
ENSG00000180329	CCDC43	TCGA-KICH	0.0440774807160103	5056.387755102	1	0.195560602488902
ENSG00000112984	KIF20A	TCGA-KICH	0.0356364065335605	5056.4705882353	1	0.17982651357994
ENSG00000174016	FAM46D	TCGA-KICH	0.0346760796510136	5056.6279069767	1	0.177454160907798
ENSG00000135457	TFCP2	TCGA-KICH	0.0279514651097535	5056.6379310345	1	0.159182422070269
ENSG00000164209	SLC25A46	TCGA-KICH	0.037705046377898	5056.8125	1	0.184099487116475
ENSG00000087494	PTHLH	TCGA-KICH	0.0437063676499559	5057.2127659574	1	0.195154947682431
ENSG00000143553	SNAPIN	TCGA-KICH	0.042994987218096	5057.5	1	0.194016545589689
ENSG00000088451	TGDS	TCGA-KICH	0.038962557950696	5058.0740740741	1	0.18587589084909
ENSG00000068796	KIF2A	TCGA-KICH	0.0450855354175931	5058.6444444444	1	0.197118441090023
ENSG00000165782	TMEM55B	TCGA-KICH	0.0460073613854532	5058.75	1	0.199083461925975
ENSG00000077984	CST7	TCGA-KICH	0.0266090868917672	5059.0892857143	1	0.156625228133712
ENSG00000074201	CLNS1A	TCGA-KICH	0.0366259256261959	5059.42	1	0.181506697837246
ENSG00000177169	ULK1	TCGA-KICH	0.0178605590654863	5059.8867924528	1	0.129638728064521
ENSG00000198786	MT-ND5	TCGA-KICH	0.0166041712116043	5060.2884615385	1	0.12647716490224
ENSG00000187961	KLHL17	TCGA-KICH	0.0287839129008192	5060.5283018868	1	0.161271440493301
ENSG00000119888	EPCAM	TCGA-KICH	0.0353776317292403	5060.7608695652	1	0.179396363082968
ENSG00000102466	FGF14	TCGA-KICH	0.0406904183766331	5061.1739130435	1	0.188985950501045
ENSG00000197629	MPEG1	TCGA-KICH	0.0190749105898004	5061.5161290323	1	0.133108798734489
ENSG00000206013	IFITM5	TCGA-KICH	0.0422543123172763	5062.3260869565	1	0.192463825870643
ENSG00000023041	ZDHHC6	TCGA-KICH	0.031688892802647	5062.9	1	0.168776053709643
ENSG00000018625	ATP1A2	TCGA-KICH	0.0452458210109747	5063.3191489362	1	0.197486589760218
ENSG00000196976	LAGE3	TCGA-KICH	0.0314914964936186	5063.4285714286	1	0.168392760048515
ENSG00000008056	SYN1	TCGA-KICH	0.0427348415793566	5063.5094339623	1	0.193630753556785
ENSG00000153291	SLC25A27	TCGA-KICH	0.0200204994169706	5063.5576923077	1	0.136845197679379
ENSG00000118514	ALDH8A1	TCGA-KICH	0.0393837994143856	5063.95	1	0.187049687906698
ENSG00000139651	ZNF740	TCGA-KICH	0.0154116490172434	5064.0892857143	1	0.122497792483032
ENSG00000159199	ATP5G1	TCGA-KICH	0.0188067216339049	5064.1153846154	1	0.132211558895062
ENSG00000002746	HECW1	TCGA-KICH	0.0350067692963597	5064.1509433962	1	0.178261815669698
ENSG00000120802	TMPO	TCGA-KICH	0.0218836552834901	5064.9473684211	1	0.143354377229193
ENSG00000163171	CDC42EP3	TCGA-KICH	0.03746199883223	5065.0909090909	1	0.183640621762523
ENSG00000101152	DNAJC5	TCGA-KICH	0.0377617197015933	5065.4705882353	1	0.184114299359902
ENSG00000181218	HIST3H2A	TCGA-KICH	0.0225463199615333	5066.3829787234	1	0.145128341713808
ENSG00000135632	SMYD5	TCGA-KICH	0.0312284595050367	5066.52	1	0.167770472651178
ENSG00000143127	ITGA10	TCGA-KICH	0.0297260852932233	5067.1666666667	1	0.163877196547666
ENSG00000167641	PPP1R14A	TCGA-KICH	0.0395704751151131	5067.7843137255	1	0.187380591061069
ENSG00000102078	SLC25A14	TCGA-KICH	0.0435527816301259	5067.8846153846	1	0.194886224589681
ENSG00000186812	ZNF397	TCGA-KICH	0.0298307932912047	5068.1020408163	1	0.164355193764786
ENSG00000133740	E2F5	TCGA-KICH	0.0269834557223888	5068.6956521739	1	0.157275334657153
ENSG00000248919	ATP5J2-PTCD1	TCGA-KICH	0.0400417049739352	5068.962962963	1	0.188275955712734
ENSG00000173175	ADCY5	TCGA-KICH	0.0437960295527579	5069.2	1	0.195265426861753
ENSG00000133069	TMCC2	TCGA-KICH	0.0150218971534229	5069.3018867925	1	0.120829835696801
ENSG00000142546	NOSIP	TCGA-KICH	0.0399387780598743	5069.8928571429	1	0.187957546467496
ENSG00000005448	WDR54	TCGA-KICH	0.0289621746204652	5070.0377358491	1	0.161725671738755
ENSG00000021852	C8B	TCGA-KICH	0.0138461224312598	5070.2413793103	1	0.116277422865424
ENSG00000162004	CCDC78	TCGA-KICH	0.0350782336627715	5070.7872340426	1	0.178329363860248
ENSG00000100258	LMF2	TCGA-KICH	0.0315585989302171	5070.86	1	0.168441025706536
ENSG00000168209	DDIT4	TCGA-KICH	0.0434150286089858	5071.0576923077	1	0.194570178909114
ENSG00000065883	CDK13	TCGA-KICH	0.0430602967238474	5071.325	1	0.194147143027144
ENSG00000135917	SLC19A3	TCGA-KICH	0.0308658173309487	5071.9574468085	1	0.167158336255252
ENSG00000126749	EMG1	TCGA-KICH	0.0177086965832215	5072.5087719298	1	0.12923418211026
ENSG00000164904	ALDH7A1	TCGA-KICH	0.0158924388418412	5072.9183673469	1	0.124094299391558
ENSG00000148735	PLEKHS1	TCGA-KICH	0.0443997223141561	5073.1	1	0.196016707945551
ENSG00000162747	FCGR3B	TCGA-KICH	0.0363936433082049	5073.3076923077	1	0.181345425507437
ENSG00000186868	MAPT	TCGA-KICH	0.0417491669557307	5073.3125	1	0.191469905153502
ENSG00000111860	CEP85L	TCGA-KICH	0.0428233545392048	5073.3518518519	1	0.193752358834112
ENSG00000102996	MMP15	TCGA-KICH	0.0361719070822123	5073.4583333333	1	0.18090161133264
ENSG00000171942	OR10H2	TCGA-KICH	0.0413154569151515	5073.6388888889	1	0.190353004170354
ENSG00000102007	PLP2	TCGA-KICH	0.030430369234525	5073.6666666667	1	0.166213931071656
ENSG00000182346	DAOA	TCGA-KICH	0.0338710679826236	5074.1929824561	1	0.175095272350457
ENSG00000177324	BEND2	TCGA-KICH	0.0275012043441408	5074.2448979592	1	0.158282958762171
ENSG00000183434	TFDP3	TCGA-KICH	0.0306638485361746	5074.9487179487	1	0.166637778862177
ENSG00000164124	TMEM144	TCGA-KICH	0.0309390363339912	5075.1538461538	1	0.16716420822482
ENSG00000077097	TOP2B	TCGA-KICH	0.0388143354861238	5075.3	1	0.185444982938626
ENSG00000132604	TERF2	TCGA-KICH	0.0113293431150163	5075.3518518519	1	0.105488040690108
ENSG00000164649	CDCA7L	TCGA-KICH	0.0319712220202878	5075.5	1	0.169598913764461
ENSG00000184840	TMED9	TCGA-KICH	0.0292340883695956	5077.08	1	0.162676832953118
ENSG00000109132	PHOX2B	TCGA-KICH	0.024427923690764	5077.58	1	0.150120183387408
ENSG00000134824	FADS2	TCGA-KICH	0.0448715233157563	5077.9387755102	1	0.1967736708384
ENSG00000133597	ADCK2	TCGA-KICH	0.0346948540181876	5078.3617021277	1	0.177463458032984
ENSG00000117410	ATP6V0B	TCGA-KICH	0.0393350428921804	5078.4107142857	1	0.186956969784123
ENSG00000114739	ACVR2B	TCGA-KICH	0.0328275852294179	5079.1794871795	1	0.172097371985478
ENSG00000140254	DUOXA1	TCGA-KICH	0.0434630503911595	5079.2444444444	1	0.194702308255782
ENSG00000171199	PROL1	TCGA-KICH	0.037062421044256	5079.652173913	1	0.182576029844282
ENSG00000171792	RHNO1	TCGA-KICH	0.0223788180499251	5080.0377358491	1	0.144398376740351
ENSG00000184221	OLIG1	TCGA-KICH	0.0431403015532693	5080.1	1	0.194261502804994
ENSG00000198601	OR2M2	TCGA-KICH	0.0379555805411046	5080.5510204082	1	0.184423125717776
ENSG00000108379	WNT3	TCGA-KICH	0.0444906373434557	5082.2790697674	1	0.196035709430013
ENSG00000065054	SLC9A3R2	TCGA-KICH	0.0271045846802211	5082.3396226415	1	0.157275334657153
ENSG00000138190	EXOC6	TCGA-KICH	0.0304558711587669	5082.6037735849	1	0.166213931071656
ENSG00000168229	PTGDR	TCGA-KICH	0.0404454199530226	5082.8222222222	1	0.188678532055828
ENSG00000184033	CTAG1B	TCGA-KICH	0.0219976314128634	5082.914893617	1	0.143422046239392
ENSG00000111859	NEDD9	TCGA-KICH	0.0386437648190889	5083.0961538462	1	0.185257863636874
ENSG00000161082	CELF5	TCGA-KICH	0.0387209965241082	5083.5714285714	1	0.185388035700823
ENSG00000151552	QDPR	TCGA-KICH	0.0178337295081755	5083.8518518519	1	0.129585833971611
ENSG00000171777	RASGRP4	TCGA-KICH	0.0385943225666785	5083.9565217391	1	0.185167188707416
ENSG00000144381	HSPD1	TCGA-KICH	0.0280131488629439	5083.9787234043	1	0.159314836306834
ENSG00000169962	TAS1R3	TCGA-KICH	0.0161258982639076	5083.9803921569	1	0.12494217956581
ENSG00000212993	POU5F1B	TCGA-KICH	0.0180185104562856	5084.5471698113	1	0.130043463252553
ENSG00000182545	RNASE10	TCGA-KICH	0.0350403471568751	5084.5625	1	0.178273508885226
ENSG00000137168	PPIL1	TCGA-KICH	0.0313194125652513	5084.7037037037	1	0.167931214182765
ENSG00000173285	OR10K1	TCGA-KICH	0.0112532326452159	5085.2	1	0.10517548930838
ENSG00000160209	PDXK	TCGA-KICH	0.0225579204885619	5085.3333333333	1	0.145144675220699
ENSG00000112130	RNF8	TCGA-KICH	0.0451127072175228	5086.0769230769	1	0.19718340777528
ENSG00000159164	SV2A	TCGA-KICH	0.0235897584740929	5086.4230769231	1	0.148006274635689
ENSG00000169575	VPREB1	TCGA-KICH	0.0217545188096015	5086.568627451	1	0.143079514881219
ENSG00000182831	C16orf72	TCGA-KICH	0.0394331595291723	5086.92	1	0.187228594681202
ENSG00000172817	CYP7B1	TCGA-KICH	0.0314117757955209	5087.1489361702	1	0.168191103097716
ENSG00000139269	INHBE	TCGA-KICH	0.0312795315494236	5087.8636363636	1	0.167875904076414
ENSG00000100336	APOL4	TCGA-KICH	0.0192885845281987	5087.9473684211	1	0.133899731781145
ENSG00000196365	LONP1	TCGA-KICH	0.0269538426650533	5088.4107142857	1	0.157275334657153
ENSG00000251287	ALG1L2	TCGA-KICH	0.0314767987483797	5088.9122807018	1	0.168370384754609
ENSG00000005302	MSL3	TCGA-KICH	0.0245861976872507	5089	1	0.150745771807549
ENSG00000108511	HOXB6	TCGA-KICH	0.0438563265559595	5089.9361702128	1	0.195425450693848
ENSG00000106443	PHF14	TCGA-KICH	0.0325053281922513	5090.5238095238	1	0.171166626583767
ENSG00000139645	ANKRD52	TCGA-KICH	0.0378753965802719	5091.8604651163	1	0.184313119487406
ENSG00000133962	CATSPERB	TCGA-KICH	0.0398721970870553	5092.1320754717	1	0.187858186519394
ENSG00000103335	PIEZO1	TCGA-KICH	0.0415318979936316	5092.3148148148	1	0.190910834204366
ENSG00000059377	TBXAS1	TCGA-KICH	0.0367459696269846	5092.44	1	0.181743886218702
ENSG00000129038	LOXL1	TCGA-KICH	0.0400823486300539	5092.9555555556	1	0.188277203255525
ENSG00000231500	RPS18	TCGA-KICH	0.0265167992692047	5094.4423076923	1	0.156414931969176
ENSG00000179271	GADD45GIP1	TCGA-KICH	0.0382074353612458	5094.7333333333	1	0.18481137415527
ENSG00000064726	BTBD1	TCGA-KICH	0.024084250727722	5094.8260869565	1	0.149152852051225
ENSG00000064313	TAF2	TCGA-KICH	0.044800797726094	5094.8269230769	1	0.196524296184224
ENSG00000163499	CRYBA2	TCGA-KICH	0.0450281894911237	5095.1020408163	1	0.197029085983701
ENSG00000181038	METTL23	TCGA-KICH	0.0270362968130101	5095.8113207547	1	0.157275334657153
ENSG00000198169	ZNF251	TCGA-KICH	0.0237133653812725	5096.7450980392	1	0.148213455597018
ENSG00000019995	ZRANB1	TCGA-KICH	0.024081379374428	5097.6888888889	1	0.149152852051225
ENSG00000102230	PCYT1B	TCGA-KICH	0.0342059227863347	5098.593220339	1	0.175917743552714
ENSG00000184160	ADRA2C	TCGA-KICH	0.0414131918935206	5099.1428571429	1	0.19069357911867
ENSG00000213672	NCKIPSD	TCGA-KICH	0.0444365544209578	5099.32	1	0.196035709430013
ENSG00000135454	B4GALNT1	TCGA-KICH	0.0370928985624617	5099.5192307692	1	0.182669978621717
ENSG00000127083	OMD	TCGA-KICH	0.015885042012113	5099.62	1	0.124094299391558
ENSG00000136295	TTYH3	TCGA-KICH	0.0340663477035312	5099.8695652174	1	0.175594643859688
ENSG00000105371	ICAM4	TCGA-KICH	0.0401382715927	5099.9795918367	1	0.188277203255525
ENSG00000135622	SEMA4F	TCGA-KICH	0.0355352984866887	5100.625	1	0.179526121534486
ENSG00000149177	PTPRJ	TCGA-KICH	0.0275549727773296	5100.65	1	0.158282958762171
ENSG00000267740	AC024592.12	TCGA-KICH	0.0360239256921681	5100.6666666667	1	0.180570632225375
ENSG00000157060	SHCBP1L	TCGA-KICH	0.0368892758099249	5101.2181818182	1	0.182171369748982
ENSG00000038945	MSR1	TCGA-KICH	0.0395127698196965	5102.3617021277	1	0.187301449806527
ENSG00000213722	DDAH2	TCGA-KICH	0.0272532458988745	5103.4468085106	1	0.158023437027688
ENSG00000187288	CIDEC	TCGA-KICH	0.0407699551761572	5104.2173913043	1	0.189070035340242
ENSG00000239590	OR1J4	TCGA-KICH	0.0357070252039043	5105.7234042553	1	0.179882984787835
ENSG00000224982	TMEM233	TCGA-KICH	0.0217741285684864	5106.7708333333	1	0.143081427180976
ENSG00000166913	YWHAB	TCGA-KICH	0.0382201230847489	5107.9183673469	1	0.18481137415527
ENSG00000164934	DCAF13	TCGA-KICH	0.0443179774439246	5108.2222222222	1	0.196016707945551
ENSG00000196218	RYR1	TCGA-KICH	0.0278267564525253	5109.4528301887	1	0.158897023289606
ENSG00000188761	BCL2L15	TCGA-KICH	0.0455477542083578	5109.7234042553	1	0.198111701153408
ENSG00000134508	CABLES1	TCGA-KICH	0.0440942451194147	5110.1111111111	1	0.195560602488902
ENSG00000100281	HMGXB4	TCGA-KICH	0.0406850884986705	5110.1346153846	1	0.188985950501045
ENSG00000259030	FPGT-TNNI3K	TCGA-KICH	0.0458270389341446	5111.3673469388	1	0.198805520370097
ENSG00000133112	TPT1	TCGA-KICH	0.0459700456430806	5112.0625	1	0.199035483229805
ENSG00000137764	MAP2K5	TCGA-KICH	0.0242982223836841	5112.4909090909	1	0.149649993445953
ENSG00000151893	CACUL1	TCGA-KICH	0.0310675652425884	5113.6530612245	1	0.167242708356321
ENSG00000086666	ZFAND6	TCGA-KICH	0.0421934785483664	5114.0975609756	1	0.192448356227695
ENSG00000267673	FDX1L	TCGA-KICH	0.0264117735767827	5114.2258064516	1	0.156062526600776
ENSG00000229314	ORM1	TCGA-KICH	0.0230220358446778	5114.46	1	0.146461561865379
ENSG00000205060	SLC35B4	TCGA-KICH	0.0251892851332438	5115.54	1	0.152782885412284
ENSG00000100410	PHF5A	TCGA-KICH	0.0404154826110066	5116.3	1	0.188593809445009
ENSG00000167377	ZNF23	TCGA-KICH	0.0294093965311104	5116.3541666667	1	0.163368534667268
ENSG00000104957	CCDC130	TCGA-KICH	0.0296706125000456	5116.4285714286	1	0.163766621631147
ENSG00000109381	ELF2	TCGA-KICH	0.0424198597087215	5116.5849056604	1	0.192789296576751
ENSG00000267508	ZNF285	TCGA-KICH	0.0433799206757616	5117.8666666667	1	0.194493121394827
ENSG00000186105	LRRC70	TCGA-KICH	0.0243046914113595	5117.9565217391	1	0.149649993445953
ENSG00000175220	ARHGAP1	TCGA-KICH	0.0452590551792101	5118.2142857143	1	0.197486589760218
ENSG00000023171	GRAMD1B	TCGA-KICH	0.0376363901667334	5118.2692307692	1	0.184044820922209
ENSG00000088726	TMEM40	TCGA-KICH	0.023203769337632	5118.3529411765	1	0.147055150748783
ENSG00000148444	COMMD3	TCGA-KICH	0.0444173982600315	5119.2280701754	1	0.196016707945551
ENSG00000118600	TMEM5	TCGA-KICH	0.0415851397539425	5119.5192307692	1	0.19093635698377
ENSG00000108576	SLC6A4	TCGA-KICH	0.0242205106731538	5119.9230769231	1	0.149521744371002
ENSG00000182667	NTM	TCGA-KICH	0.0171782146959936	5120.1071428571	1	0.128205479851552
ENSG00000130299	GTPBP3	TCGA-KICH	0.0450073827904245	5121.4807692308	1	0.197029085983701
ENSG00000154370	TRIM11	TCGA-KICH	0.0359321856139304	5121.6315789474	1	0.180449655881811
ENSG00000168291	PDHB	TCGA-KICH	0.0369729601352554	5121.9622641509	1	0.182359703284914
ENSG00000164237	CMBL	TCGA-KICH	0.0325483166749008	5122.2	1	0.171166626583767
ENSG00000178229	ZNF543	TCGA-KICH	0.0444482604412408	5122.320754717	1	0.196035709430013
ENSG00000175229	GAL3ST3	TCGA-KICH	0.045383558883182	5122.3958333333	1	0.197625321854531
ENSG00000166928	MS4A14	TCGA-KICH	0.0345935887102875	5122.4255319149	1	0.177228510299186
ENSG00000160323	ADAMTS13	TCGA-KICH	0.0459552158274533	5123.06	1	0.199035483229805
ENSG00000102897	LYRM1	TCGA-KICH	0.0255368284910335	5123.68	1	0.153864675802822
ENSG00000163328	GPR155	TCGA-KICH	0.0299350761578231	5123.9361702128	1	0.164576122439937
ENSG00000184752	NDUFA12	TCGA-KICH	0.0290349167923974	5123.9761904762	1	0.161983335251353
ENSG00000136807	CDK9	TCGA-KICH	0.0292846978229542	5124.2708333333	1	0.162845290150907
ENSG00000104969	SGTA	TCGA-KICH	0.044665275948557	5124.5294117647	1	0.196277844390827
ENSG00000149489	ROM1	TCGA-KICH	0.0390644741084126	5125.5660377358	1	0.186140279828147
ENSG00000121417	ZNF211	TCGA-KICH	0.0392352359293186	5125.7924528302	1	0.186751357523548
ENSG00000187773	FAM69C	TCGA-KICH	0.0444057465486157	5126.2619047619	1	0.196016707945551
ENSG00000153113	CAST	TCGA-KICH	0.0293532101435562	5126.8596491228	1	0.163112998073925
ENSG00000234602	MCIDAS	TCGA-KICH	0.0189278433020906	5127.3	1	0.132724476550356
ENSG00000172901	AQPEP	TCGA-KICH	0.0402387145856343	5127.5384615385	1	0.188427781897349
ENSG00000125675	GRIA3	TCGA-KICH	0.0381528241337857	5128.1754385965	1	0.18481137415527
ENSG00000170265	ZNF282	TCGA-KICH	0.0414642184378084	5128.9814814815	1	0.190818809851006
ENSG00000196109	ZNF676	TCGA-KICH	0.041006299511152	5130.4042553191	1	0.189583108161403
ENSG00000105640	RPL18A	TCGA-KICH	0.0457903573302552	5130.9591836735	1	0.198805520370097
ENSG00000197859	ADAMTSL2	TCGA-KICH	0.0215812729260428	5131.1111111111	1	0.142525396251784
ENSG00000205277	MUC12	TCGA-KICH	0.0439408235373805	5131.22	1	0.19553338990102
ENSG00000215045	GRID2IP	TCGA-KICH	0.0313317807042211	5131.7777777778	1	0.167931214182765
ENSG00000082781	ITGB5	TCGA-KICH	0.0186812886885654	5133.0350877193	1	0.131883893714351
ENSG00000134539	KLRD1	TCGA-KICH	0.0210457107329562	5134.48	1	0.140144306606359
ENSG00000158796	DEDD	TCGA-KICH	0.0268536766721205	5134.9038461538	1	0.157275334657153
ENSG00000127364	TAS2R4	TCGA-KICH	0.0449901119574725	5135.8888888889	1	0.197029085983701
ENSG00000186687	LYRM7	TCGA-KICH	0.0454007260599692	5136.7884615385	1	0.197633223117806
ENSG00000125845	BMP2	TCGA-KICH	0.0403665761276998	5137.5660377358	1	0.18858538993148
ENSG00000137474	MYO7A	TCGA-KICH	0.0381028567016069	5139.1698113208	1	0.18481137415527
ENSG00000168350	DEGS2	TCGA-KICH	0.0418233032228796	5139.6949152542	1	0.191675706563625
ENSG00000169184	MN1	TCGA-KICH	0.0273752440885001	5140.2407407407	1	0.158282958762171
ENSG00000167131	CCDC103	TCGA-KICH	0.0418427051433117	5141.0222222222	1	0.191676338083
ENSG00000144455	SUMF1	TCGA-KICH	0.0336193212421994	5145	1	0.174300236223316
ENSG00000111786	SRSF9	TCGA-KICH	0.0132857244775219	5145.1666666667	1	0.113741976763041
ENSG00000196865	NHLRC2	TCGA-KICH	0.0453865709510436	5145.2553191489	1	0.197625321854531
ENSG00000139626	ITGB7	TCGA-KICH	0.0385445098313289	5145.4285714286	1	0.185167188707416
ENSG00000164708	PGAM2	TCGA-KICH	0.0424220718786432	5146.25	1	0.192789296576751
ENSG00000176473	WDR25	TCGA-KICH	0.0373073659474377	5146.8653846154	1	0.183275296211109
ENSG00000179055	OR13D1	TCGA-KICH	0.0446509660281727	5149.6279069767	1	0.196277844390827
ENSG00000166948	TGM6	TCGA-KICH	0.0381774293184925	5151.0425531915	1	0.18481137415527
ENSG00000179958	DCTPP1	TCGA-KICH	0.0461013939675939	5151.4285714286	1	0.199274986340355
ENSG00000138395	CDK15	TCGA-KICH	0.0325767017063578	5152.8431372549	1	0.171166626583767
ENSG00000166153	DEPDC4	TCGA-KICH	0.0318170510165332	5155.3571428571	1	0.169117182884095
ENSG00000103355	PRSS33	TCGA-KICH	0.0313239146260251	5157.3913043478	1	0.167931214182765
ENSG00000137691	C11orf70	TCGA-KICH	0.0414800297002602	5158.0555555556	1	0.190836735320214
ENSG00000184350	MRGPRE	TCGA-KICH	0.015428909108876	5158.6440677966	1	0.122497792483032
ENSG00000204422	XXbac-BPG32J3.20	TCGA-KICH	0.0397670231379819	5160.2115384615	1	0.187804947473353
ENSG00000115353	TACR1	TCGA-KICH	0.0412299660567699	5161.0980392157	1	0.190238986033954
ENSG00000104972	LILRB1	TCGA-KICH	0.0444951485343801	5161.8333333333	1	0.196035709430013
ENSG00000134697	GNL2	TCGA-KICH	0.0406645266891588	5161.8965517241	1	0.188985950501045
ENSG00000143815	LBR	TCGA-KICH	0.0446726658010967	5161.9622641509	1	0.196277844390827
ENSG00000189298	ZKSCAN3	TCGA-KICH	0.0392721636989116	5163.6981132075	1	0.186851961270965
ENSG00000133275	CSNK1G2	TCGA-KICH	0.0314430364532726	5165.137254902	1	0.168245983561364
ENSG00000203867	RBM20	TCGA-KICH	0.0424065896619812	5165.6140350877	1	0.192789296576751
ENSG00000184613	NELL2	TCGA-KICH	0.0442131832517285	5166.4745762712	1	0.195943538988337
ENSG00000196126	HLA-DRB1	TCGA-KICH	0.0427633359239868	5168.5094339623	1	0.193630753556785
ENSG00000162949	CAPN13	TCGA-KICH	0.040976641723443	5168.7924528302	1	0.189500698007779
ENSG00000171617	ENC1	TCGA-KICH	0.0460821009492645	5169.4347826087	1	0.199259699461322
ENSG00000163975	MFI2	TCGA-KICH	0.0288606053035731	5170	1	0.161439955968118
ENSG00000185038	MROH2A	TCGA-KICH	0.0429811416923123	5171.9090909091	1	0.194016545589689
ENSG00000127980	PEX1	TCGA-KICH	0.0343576991868028	5172.1632653061	1	0.176471633251009
ENSG00000256436	TAS2R31	TCGA-KICH	0.0419362680127042	5172.4615384615	1	0.191833571043547
ENSG00000003987	MTMR7	TCGA-KICH	0.0426106498735743	5173.7407407407	1	0.19326240660586
ENSG00000125304	TM9SF2	TCGA-KICH	0.0316501237166575	5175.2545454545	1	0.16867778080608
ENSG00000162814	SPATA17	TCGA-KICH	0.0352014558466537	5177.5531914894	1	0.178685044495771
ENSG00000106948	AKNA	TCGA-KICH	0.0387665336352909	5177.8163265306	1	0.185388035700823
ENSG00000161999	JMJD8	TCGA-KICH	0.046085415348407	5179.1886792453	1	0.199259699461322
ENSG00000237190	CDKN2AIPNL	TCGA-KICH	0.0400703434296248	5179.9615384615	1	0.188277203255525
ENSG00000133574	GIMAP4	TCGA-KICH	0.0443983625640321	5181.2264150943	1	0.196016707945551
ENSG00000161057	PSMC2	TCGA-KICH	0.0433172750205397	5182.3571428571	1	0.194435340141237
ENSG00000052749	RRP12	TCGA-KICH	0.0276856836889995	5185	1	0.158692277837984
ENSG00000142065	ZFP14	TCGA-KICH	0.0439302466092337	5185.4363636364	1	0.19553338990102
ENSG00000143545	RAB13	TCGA-KICH	0.0408673534219036	5185.5555555556	1	0.189273022328663
ENSG00000241476	SSX2	TCGA-KICH	0.043190006763967	5186.4259259259	1	0.194294370315992
ENSG00000103199	ZNF500	TCGA-KICH	0.0376782748250303	5186.5	1	0.184099487116475
ENSG00000051009	FAM160A2	TCGA-KICH	0.0431127605377	5187	1	0.194232918959179
ENSG00000103241	FOXF1	TCGA-KICH	0.0442636988281036	5187.3469387755	1	0.195988437122732
ENSG00000070018	LRP6	TCGA-KICH	0.021950336809073	5189.1764705882	1	0.143422046239392
ENSG00000068903	SIRT2	TCGA-KICH	0.0449255544766661	5190.0204081633	1	0.196902779130763
ENSG00000163877	SNIP1	TCGA-KICH	0.0367275990582655	5194.3773584906	1	0.181743886218702
ENSG00000049249	TNFRSF9	TCGA-KICH	0.0422000387855962	5194.387755102	1	0.192448356227695
ENSG00000006756	ARSD	TCGA-KICH	0.0397669581775114	5195	1	0.187804947473353
ENSG00000174021	GNG5	TCGA-KICH	0.0402108019837238	5195.3076923077	1	0.188395142834894
ENSG00000140807	NKD1	TCGA-KICH	0.0294426670322875	5197.6140350877	1	0.163439969678365
ENSG00000142937	RPS8	TCGA-KICH	0.0457842902919724	5202.3461538462	1	0.198805520370097
ENSG00000177602	GSG2	TCGA-KICH	0.0350005441051117	5202.7924528302	1	0.178261815669698
ENSG00000109255	NMU	TCGA-KICH	0.0326627036559478	5203.0425531915	1	0.171505966901641
ENSG00000100926	TM9SF1	TCGA-KICH	0.0403847780864562	5205.875	1	0.188593809445009
ENSG00000134873	CLDN10	TCGA-KICH	0.0221151144183891	5206.2741935484	1	0.143721441488538
ENSG00000127074	RGS13	TCGA-KICH	0.0308048954017873	5207.3461538462	1	0.167120731659764
ENSG00000008382	MPND	TCGA-KICH	0.0435012721954259	5208.6315789474	1	0.194764572046337
ENSG00000092108	SCFD1	TCGA-KICH	0.0453773274181497	5213.0357142857	1	0.197625321854531
ENSG00000101843	PSMD10	TCGA-KICH	0.043266237329644	5214.4509803922	1	0.194435340141237
ENSG00000152242	C18orf25	TCGA-KICH	0.0399758278236933	5215.3846153846	1	0.188076640010708
ENSG00000113141	IK	TCGA-KICH	0.0253710666680678	5218.5277777778	1	0.153269570987969
ENSG00000187630	DHRS4L2	TCGA-KICH	0.0257101247889739	5224.3076923077	1	0.154258586019766
ENSG00000124812	CRISP1	TCGA-KICH	0.0360966218565767	5226.1363636364	1	0.180711861729513
ENSG00000062096	ARSF	TCGA-KICH	0.0230751213629262	5227.22	1	0.146471687922023
ENSG00000104848	KCNA7	TCGA-KICH	0.028417236733431	5227.3333333333	1	0.160247199396443
ENSG00000136688	IL36G	TCGA-KICH	0.0298333155338266	5228.92	1	0.164355193764786
ENSG00000125871	MGME1	TCGA-KICH	0.0372137119223769	5236.1020408163	1	0.183026597030648
ENSG00000060642	PIGV	TCGA-KICH	0.0380787292226625	5239.9821428571	1	0.184797226818467
ENSG00000161610	HCRT	TCGA-KICH	0.0255901649614132	5241.5555555556	1	0.153896542191901
ENSG00000178449	COX14	TCGA-KICH	0.042992499099834	5258.9387755102	1	0.194016545589689
ENSG00000001617	SEMA3F	TCGA-KICH	0.0452582610170246	5308.8571428571	1	0.197486589760218
ENSG00000135972	MRPS9	TCGA-KICH	0.0463134671996423	6505.5098039216	1	0.199868007869111
ENSG00000162909	CAPN2	TCGA-KICH	0.0418299465775754	6526.701754386	1	0.191675706563625
ENSG00000180182	MED14	TCGA-KICH	0.038767688514646	6532.5593220339	1	0.185388035700823
ENSG00000174939	ASPHD1	TCGA-KICH	0.0307411295018127	6552.2545454545	1	0.166887144291153
ENSG00000139921	TMX1	TCGA-KICH	0.0436017011096479	6558.1071428571	1	0.194996158411341
ENSG00000101126	ADNP	TCGA-KICH	0.0376977704025389	6560.2727272727	1	0.184099487116475
ENSG00000167081	PBX3	TCGA-KICH	0.0395328056934105	6561.26	1	0.18731298318934
ENSG00000146757	ZNF92	TCGA-KICH	0.0360587210389043	6563.462962963	1	0.180631972924008
ENSG00000162526	TSSK3	TCGA-KICH	0.0366386439336767	6598.1228070175	1	0.181506697837246
ENSG00000164715	LMTK2	TCGA-KICH	0.0433614662180515	6606.5862068966	1	0.194464822593698
ENSG00000196408	NOXO1	TCGA-KICH	0.0439828028190844	6614.679245283	1	0.195553744349705
ENSG00000189320	FAM180A	TCGA-KICH	0.043628771027446	6618.4423076923	1	0.195062749303335
ENSG00000177947	ODF3	TCGA-KICH	0.0357799457545492	6620.1132075472	1	0.180080399515747
ENSG00000106605	BLVRA	TCGA-KICH	0.0232655921773409	6620.5535714286	1	0.147289386017735
ENSG00000184349	EFNA5	TCGA-KICH	0.0428275585559011	6623.320754717	1	0.193752358834112
ENSG00000137309	HMGA1	TCGA-KICH	0.0359098476526936	6626.7543859649	1	0.180394043336853
ENSG00000176774	MAGEB18	TCGA-KICH	0.043647963569534	6627.3870967742	1	0.195094093375966
ENSG00000204919	PRR20A	TCGA-KICH	0.0440627682593504	6627.7407407407	1	0.195560602488902
ENSG00000139910	NOVA1	TCGA-KICH	0.0459714175752139	6633.8928571429	1	0.199035483229805
ENSG00000124641	MED20	TCGA-KICH	0.0365644921286735	6635.3773584906	1	0.181506697837246
ENSG00000123096	SSPN	TCGA-KICH	0.0283404065527273	6636.8367346939	1	0.160095806328722
ENSG00000096996	IL12RB1	TCGA-KICH	0.044306236548354	6638.8571428571	1	0.196016707945551
ENSG00000240563	L1TD1	TCGA-KICH	0.0407001275852703	6639.0833333333	1	0.188985950501045
ENSG00000181789	COPG1	TCGA-KICH	0.0234388862190421	6643.6896551724	1	0.147680963631479
ENSG00000172116	CD8B	TCGA-KICH	0.0433508343622558	6643.75	1	0.194464822593698
ENSG00000154059	IMPACT	TCGA-KICH	0.0402853184490595	6643.9210526316	1	0.18844463818821
ENSG00000125144	MT1G	TCGA-KICH	0.0232683201139475	6644.5925925926	1	0.147289386017735
ENSG00000171466	ZNF562	TCGA-KICH	0.0411641804628727	6645.1475409836	1	0.190130036101827
ENSG00000162722	TRIM58	TCGA-KICH	0.0444884226777514	6646.7777777778	1	0.196035709430013
ENSG00000213020	ZNF611	TCGA-KICH	0.0308984520511432	6650.224137931	1	0.167158336255252
ENSG00000184154	LRTOMT	TCGA-KICH	0.0435163604199724	6650.6326530612	1	0.194777672477881
ENSG00000148468	FAM171A1	TCGA-KICH	0.039458194100074	6652.9	1	0.187269490891101
ENSG00000189134	NKAPL	TCGA-KICH	0.0358602106913817	6654.5094339623	1	0.180314371812395
ENSG00000181873	IBA57	TCGA-KICH	0.0387580466281329	6655.3333333333	1	0.185388035700823
ENSG00000162624	LHX8	TCGA-KICH	0.0450577369281184	6655.9056603774	1	0.197104522508554
ENSG00000177182	CLVS1	TCGA-KICH	0.0445453453183409	6657.0425531915	1	0.196101642865696
ENSG00000121064	SCPEP1	TCGA-KICH	0.038742096956438	6658.4423076923	1	0.185388035700823
ENSG00000105193	RPS16	TCGA-KICH	0.0354289788848487	6662.5283018868	1	0.179396363082968
ENSG00000178662	CSRNP3	TCGA-KICH	0.0319947748597266	6663.44	1	0.169667655423351
ENSG00000176566	DCAF4L2	TCGA-KICH	0.0328429502007317	6663.6326530612	1	0.172097371985478
ENSG00000156469	MTERFD1	TCGA-KICH	0.0372520334229917	6664.3214285714	1	0.183059624200433
ENSG00000053747	LAMA3	TCGA-KICH	0.0315195612076982	6665.54	1	0.168441025706536
ENSG00000189030	VHLL	TCGA-KICH	0.0400176528420472	6665.9361702128	1	0.188218123425958
ENSG00000129167	TPH1	TCGA-KICH	0.0388468457247154	6666.1176470588	1	0.185489634550184
ENSG00000076067	RBMS2	TCGA-KICH	0.0270307312218848	6666.12	1	0.157275334657153
ENSG00000172766	NAA16	TCGA-KICH	0.0450236098749337	6667.4	1	0.197029085983701
ENSG00000127948	POR	TCGA-KICH	0.0448023855990384	6668.34	1	0.196524296184224
ENSG00000163875	MEAF6	TCGA-KICH	0.040590046517527	6671.6153846154	1	0.188912988950362
ENSG00000102309	PIN4	TCGA-KICH	0.0388746752726061	6672.8444444444	1	0.185511896451367
ENSG00000124587	PEX6	TCGA-KICH	0.0371539688207511	6675.8888888889	1	0.182824217854693
ENSG00000166167	BTRC	TCGA-KICH	0.0378525154030345	6676.2884615385	1	0.184257761148814
ENSG00000249860	MTRNR2L5	TCGA-KICH	0.0446431345350384	6676.5625	1	0.196277844390827
ENSG00000087299	L2HGDH	TCGA-KICH	0.0434214061455618	6676.9215686275	1	0.194570178909114
ENSG00000022556	NLRP2	TCGA-KICH	0.0288708439822719	6679.5490196078	1	0.161440840215113
ENSG00000115687	PASK	TCGA-KICH	0.044335027740054	6680.1132075472	1	0.196016707945551
ENSG00000154309	DISP1	TCGA-KICH	0.0375455519783164	6683.25	1	0.183768953219052
ENSG00000054965	FAM168A	TCGA-KICH	0.0335987093530909	6684.4259259259	1	0.174264464272412
ENSG00000167578	RAB4B	TCGA-KICH	0.043228053751161	6684.7647058824	1	0.194410918513014
ENSG00000099617	EFNA2	TCGA-KICH	0.0418741204549953	6684.9791666667	1	0.191687357720055
ENSG00000130589	HELZ2	TCGA-KICH	0.0424986138857248	6685.0416666667	1	0.192943303004346
ENSG00000180638	SLC47A2	TCGA-KICH	0.0384925806273392	6686.593220339	1	0.185167188707416
ENSG00000115008	IL1A	TCGA-KICH	0.0428550421686065	6686.679245283	1	0.193821943047228
ENSG00000135250	SRPK2	TCGA-KICH	0.0368684986582604	6686.8113207547	1	0.18212492474153
ENSG00000107341	UBE2R2	TCGA-KICH	0.0419592415770694	6687.1636363636	1	0.191883853185827
ENSG00000160216	AGPAT3	TCGA-KICH	0.035498412401494	6687.568627451	1	0.179396363082968
ENSG00000006712	PAF1	TCGA-KICH	0.0405604721700902	6688.2708333333	1	0.188842628229415
ENSG00000176076	KCNE1L	TCGA-KICH	0.027385608758226	6688.5344827586	1	0.158282958762171
ENSG00000172377	OR9I1	TCGA-KICH	0.0442254366424841	6689.5283018868	1	0.195943538988337
ENSG00000198873	GRK5	TCGA-KICH	0.0458623992300418	6689.9122807018	1	0.198886088185519
ENSG00000167136	ENDOG	TCGA-KICH	0.0461804924668175	6690.3469387755	1	0.199509195267354
ENSG00000078053	AMPH	TCGA-KICH	0.0420951981475595	6690.54	1	0.192285966438439
ENSG00000008735	MAPK8IP2	TCGA-KICH	0.0345848867846941	6691.1296296296	1	0.177228510299186
ENSG00000174327	SLC16A13	TCGA-KICH	0.0457920359586337	6691.3846153846	1	0.198805520370097
ENSG00000138061	CYP1B1	TCGA-KICH	0.0296224331092236	6691.8867924528	1	0.163756736708394
ENSG00000165325	CCDC67	TCGA-KICH	0.0354153632275486	6692.152173913	1	0.179396363082968
ENSG00000145692	BHMT	TCGA-KICH	0.044794123659146	6694.5098039216	1	0.196524296184224
ENSG00000185973	TMLHE	TCGA-KICH	0.0377875940154006	6694.7307692308	1	0.184114299359902
ENSG00000100603	SNW1	TCGA-KICH	0.02840684570068	6694.8936170213	1	0.160245027790204
ENSG00000198856	OSTC	TCGA-KICH	0.0379181072004145	6695.6808510638	1	0.184352910386958
ENSG00000206530	WDR52	TCGA-KICH	0.0281887850577306	6695.7678571429	1	0.159916185865942
ENSG00000139445	FOXN4	TCGA-KICH	0.0400770565520952	6696.3148148148	1	0.188277203255525
ENSG00000125815	CST8	TCGA-KICH	0.0439320843004393	6696.9038461538	1	0.19553338990102
ENSG00000184709	LRRC26	TCGA-KICH	0.0355700406765589	6697.1632653061	1	0.179644970493564
ENSG00000076662	ICAM3	TCGA-KICH	0.0443439956126805	6698.36	1	0.196016707945551
ENSG00000018869	ZNF582	TCGA-KICH	0.0329996652864531	6699.8823529412	1	0.172480876912763
ENSG00000079387	SENP1	TCGA-KICH	0.0237013542501245	6701.6923076923	1	0.148213455597018
ENSG00000196074	SYCP2	TCGA-KICH	0.0463024820095614	6701.7962962963	1	0.199868007869111
ENSG00000206531	CD200R1L	TCGA-KICH	0.0137527714605979	6701.9361702128	1	0.116010705889175
ENSG00000113163	COL4A3BP	TCGA-KICH	0.0440891889021144	6702.3181818182	1	0.195560602488902
ENSG00000185013	NT5C1B	TCGA-KICH	0.0303559778781844	6702.8181818182	1	0.16610108042582
ENSG00000162927	PUS10	TCGA-KICH	0.0346819558939374	6703.0408163265	1	0.177454160907798
ENSG00000110324	IL10RA	TCGA-KICH	0.0350979803239152	6705.0338983051	1	0.178329363860248
ENSG00000149541	B3GAT3	TCGA-KICH	0.0345516444384181	6705.0555555556	1	0.177183664963582
ENSG00000084774	CAD	TCGA-KICH	0.0330539069779144	6705.6734693878	1	0.172630998155655
ENSG00000162385	MAGOH	TCGA-KICH	0.0385927541256302	6706.3913043478	1	0.185167188707416
ENSG00000167536	DHRS13	TCGA-KICH	0.0387455578404884	6707.462962963	1	0.185388035700823
ENSG00000130304	SLC27A1	TCGA-KICH	0.0407694627248968	6707.4791666667	1	0.189070035340242
ENSG00000100567	PSMA3	TCGA-KICH	0.0295832174502656	6707.6909090909	1	0.163652928312955
ENSG00000171219	CDC42BPG	TCGA-KICH	0.0354548195495599	6708.1111111111	1	0.179396363082968
ENSG00000101327	PDYN	TCGA-KICH	0.0393300472345314	6708.4561403509	1	0.186956969784123
ENSG00000068885	IFT80	TCGA-KICH	0.0354007591089091	6708.8363636364	1	0.179396363082968
ENSG00000162032	SPSB3	TCGA-KICH	0.0176570407478325	6709.3409090909	1	0.12906321660271
ENSG00000165813	C10orf118	TCGA-KICH	0.0178733881714931	6709.9107142857	1	0.129638728064521
ENSG00000187258	NPSR1	TCGA-KICH	0.0240795531253851	6709.9607843137	1	0.149152852051225
ENSG00000168925	CTRB1	TCGA-KICH	0.0432650974652053	6710.0227272727	1	0.194435340141237
ENSG00000266173	STRADA	TCGA-KICH	0.0295780202303016	6710.1666666667	1	0.163652928312955
ENSG00000197084	LCE1C	TCGA-KICH	0.042209970054537	6710.5306122449	1	0.192448356227695
ENSG00000049769	PPP1R3F	TCGA-KICH	0.0457621036889704	6711.8095238095	1	0.198805520370097
ENSG00000163501	IHH	TCGA-KICH	0.0423184749574068	6712.4375	1	0.192701272801498
ENSG00000070047	PHRF1	TCGA-KICH	0.0180891572518191	6713.0555555556	1	0.130224100842994
ENSG00000173113	TRMT112	TCGA-KICH	0.0463048851727662	6713.1346153846	1	0.199868007869111
ENSG00000100997	ABHD12	TCGA-KICH	0.0361933641091866	6714.5272727273	1	0.180910339016424
ENSG00000083838	ZNF446	TCGA-KICH	0.0362194472557935	6716.5873015873	1	0.180927775359181
ENSG00000154518	ATP5G3	TCGA-KICH	0.0437498228125294	6718.3488372093	1	0.195168081432495
ENSG00000176723	ZNF843	TCGA-KICH	0.0278059887094192	6718.4727272727	1	0.158897023289606
ENSG00000128563	PRKRIP1	TCGA-KICH	0.0363124761995905	6718.8333333333	1	0.18127577680475
ENSG00000108759	KRT32	TCGA-KICH	0.0371584657581658	6719.1666666667	1	0.182824217854693
ENSG00000136698	CFC1	TCGA-KICH	0.0440465481172023	6720.6557377049	1	0.195560602488902
ENSG00000153162	BMP6	TCGA-KICH	0.0160622820928841	6720.9607843137	1	0.1247609662066
ENSG00000130165	ELOF1	TCGA-KICH	0.0401477770288866	6721.8545454545	1	0.188277203255525
ENSG00000132915	PDE6A	TCGA-KICH	0.0285306776076717	6722.0943396226	1	0.160586093452998
ENSG00000106436	MYL10	TCGA-KICH	0.0350382819990885	6722.6851851852	1	0.178273508885226
ENSG00000204642	HLA-F	TCGA-KICH	0.0358167381104784	6722.862745098	1	0.180208941514078
ENSG00000143811	PYCR2	TCGA-KICH	0.0278480633948408	6723.0204081633	1	0.158897023289606
ENSG00000143333	RGS16	TCGA-KICH	0.0227249119558778	6723.1454545455	1	0.145460764907541
ENSG00000153531	ADPRHL1	TCGA-KICH	0.0403447271159587	6724.0816326531	1	0.18858538993148
ENSG00000143839	REN	TCGA-KICH	0.031192045339309	6724.4	1	0.167689207300938
ENSG00000163106	HPGDS	TCGA-KICH	0.0216884762557317	6725.8775510204	1	0.142997508124966
ENSG00000164054	SHISA5	TCGA-KICH	0.0443756636728916	6726.5	1	0.196016707945551
ENSG00000160072	ATAD3B	TCGA-KICH	0.0315414712288002	6726.68	1	0.168441025706536
ENSG00000178235	SLITRK1	TCGA-KICH	0.0301222104207389	6726.9298245614	1	0.16526454261327
ENSG00000269113	TRABD2B	TCGA-KICH	0.0408851573679921	6726.98	1	0.189273022328663
ENSG00000176563	CNTD1	TCGA-KICH	0.029910002535682	6728.5454545455	1	0.164551250638594
ENSG00000104899	AMH	TCGA-KICH	0.0229671648105815	6728.8431372549	1	0.146192028792315
ENSG00000139629	GALNT6	TCGA-KICH	0.0366066287489129	6729.4509803922	1	0.181506697837246
ENSG00000169252	ADRB2	TCGA-KICH	0.0380456186413324	6729.7719298246	1	0.184692507590463
ENSG00000100593	ISM2	TCGA-KICH	0.0429636337362275	6730.0576923077	1	0.194016545589689
ENSG00000006788	MYH13	TCGA-KICH	0.0274532372883234	6730.2631578947	1	0.158282958762171
ENSG00000126545	CSN1S1	TCGA-KICH	0.0308958896830648	6730.3846153846	1	0.167158336255252
ENSG00000180383	DEFB124	TCGA-KICH	0.0363592361221613	6731.52	1	0.18127577680475
ENSG00000167182	SP2	TCGA-KICH	0.0375351405785817	6731.54	1	0.183768953219052
ENSG00000162972	C2orf47	TCGA-KICH	0.0451347949609459	6732.1666666667	1	0.197226123137667
ENSG00000175662	TOM1L2	TCGA-KICH	0.041305803516536	6732.2916666667	1	0.190353004170354
ENSG00000133247	SUV420H2	TCGA-KICH	0.0332181039542212	6732.5111111111	1	0.173060486280694
ENSG00000075391	RASAL2	TCGA-KICH	0.0365817772530551	6732.5454545455	1	0.181506697837246
ENSG00000164045	CDC25A	TCGA-KICH	0.0402893812773294	6732.62	1	0.18844463818821
ENSG00000152061	RABGAP1L	TCGA-KICH	0.045193523421128	6733.4363636364	1	0.197375041611498
ENSG00000213995	CARKD	TCGA-KICH	0.0347861477897237	6733.5777777778	1	0.177760101101603
ENSG00000179388	EGR3	TCGA-KICH	0.0212590043290152	6734.1428571429	1	0.140993302961146
ENSG00000177558	FAM187B	TCGA-KICH	0.0365874130474381	6734.4166666667	1	0.181506697837246
ENSG00000156261	CCT8	TCGA-KICH	0.0253414489302336	6735.8723404255	1	0.153148416836865
ENSG00000179010	MRFAP1	TCGA-KICH	0.0376171551954986	6736.3125	1	0.184006945771506
ENSG00000120451	SNX19	TCGA-KICH	0.0333139113030411	6736.462962963	1	0.173334077166408
ENSG00000167986	DDB1	TCGA-KICH	0.0226991533388503	6736.9230769231	1	0.145460764907541
ENSG00000143947	RPS27A	TCGA-KICH	0.0173163494822208	6737.8148148148	1	0.128205479851552
ENSG00000175203	DCTN2	TCGA-KICH	0.0364056476399612	6738.1509433962	1	0.181348817092995
ENSG00000108406	DHX40	TCGA-KICH	0.0337232317165351	6738.4468085106	1	0.174669325983283
ENSG00000146247	PHIP	TCGA-KICH	0.042504150671204	6738.641509434	1	0.192943303004346
ENSG00000145979	TBC1D7	TCGA-KICH	0.0409646866546593	6738.8076923077	1	0.189500131939448
ENSG00000134007	ADAM20	TCGA-KICH	0.022685284506211	6739.0576923077	1	0.145460764907541
ENSG00000185745	IFIT1	TCGA-KICH	0.0453042309693572	6739.0888888889	1	0.19758912281434
ENSG00000159579	RSPRY1	TCGA-KICH	0.0319150935568973	6739.1568627451	1	0.169413398512997
ENSG00000203747	FCGR3A	TCGA-KICH	0.0457989321850675	6739.3	1	0.198805520370097
ENSG00000184678	HIST2H2BE	TCGA-KICH	0.0309169727529033	6739.3555555556	1	0.167158336255252
ENSG00000112167	SAYSD1	TCGA-KICH	0.038524976258774	6740.0408163265	1	0.185167188707416
ENSG00000131473	ACLY	TCGA-KICH	0.0382098504392087	6741.4363636364	1	0.18481137415527
ENSG00000131634	TMEM204	TCGA-KICH	0.0337717892389327	6742.5555555556	1	0.174777091083228
ENSG00000165197	FIGF	TCGA-KICH	0.0422531227094958	6743.4444444444	1	0.192463825870643
ENSG00000150244	TRIM48	TCGA-KICH	0.0361803222665279	6744.7118644068	1	0.18090161133264
ENSG00000181036	FCRL6	TCGA-KICH	0.0401392929206129	6745.5625	1	0.188277203255525
ENSG00000144810	COL8A1	TCGA-KICH	0.033983720393241	6745.8181818182	1	0.175418384581333
ENSG00000025800	KPNA6	TCGA-KICH	0.0408865545937121	6745.9	1	0.189273022328663
ENSG00000165046	LETM2	TCGA-KICH	0.0398026017761932	6746.8958333333	1	0.187804947473353
ENSG00000163879	DNALI1	TCGA-KICH	0.0222753966343783	6747.3090909091	1	0.143963065819035
ENSG00000059804	SLC2A3	TCGA-KICH	0.0131788545962461	6749.125	1	0.113296099461177
ENSG00000206549	PRSS50	TCGA-KICH	0.0192683945836265	6751.24	1	0.133877192574613
ENSG00000197363	ZNF517	TCGA-KICH	0.00866861469508971	6751.2941176471	1	0.0931730633166857
ENSG00000159625	CCDC135	TCGA-KICH	0.036368346604662	6751.641509434	1	0.18127577680475
ENSG00000169592	INO80E	TCGA-KICH	0.0348871988951974	6751.6666666667	1	0.178049232092603
ENSG00000198830	HMGN2	TCGA-KICH	0.0270879203343836	6751.7407407407	1	0.157275334657153
ENSG00000100167	SEPTIN3	TCGA-KICH	0.0418259543657015	6751.8837209302	1	0.191675706563625
ENSG00000143458	GABPB2	TCGA-KICH	0.031264659287674	6752.5660377358	1	0.167859354444658
ENSG00000153790	C7orf31	TCGA-KICH	0.0425917616147529	6753.0638297872	1	0.193231462396676
ENSG00000126561	STAT5A	TCGA-KICH	0.0445665537333974	6753.3695652174	1	0.196101642865696
ENSG00000116117	PARD3B	TCGA-KICH	0.0266404696494681	6753.84	1	0.156625228133712
ENSG00000189433	GJB4	TCGA-KICH	0.0331564997344437	6753.96	1	0.172851999754921
ENSG00000054523	KIF1B	TCGA-KICH	0.0287444675345393	6754	1	0.16118440040814
ENSG00000090487	SPG21	TCGA-KICH	0.0431705706202294	6755.4468085106	1	0.194261502804994
ENSG00000183024	OR1G1	TCGA-KICH	0.0342646331968202	6755.6034482759	1	0.176051630251745
ENSG00000170323	FABP4	TCGA-KICH	0.0406374093073841	6755.625	1	0.188985950501045
ENSG00000204178	TMEM57	TCGA-KICH	0.0261651262020454	6755.7321428571	1	0.15559736154794
ENSG00000124688	MAD2L1BP	TCGA-KICH	0.0445381881420047	6756.1632653061	1	0.196101642865696
ENSG00000132676	DAP3	TCGA-KICH	0.0257230748945764	6757.2	1	0.154258586019766
ENSG00000102387	TAF7L	TCGA-KICH	0.0242411607309516	6759.1041666667	1	0.149521744371002
ENSG00000172379	ARNT2	TCGA-KICH	0.0317943814790879	6759.4259259259	1	0.169117182884095
ENSG00000090863	GLG1	TCGA-KICH	0.0295464545721261	6759.5964912281	1	0.163565695699675
ENSG00000185236	RAB11B	TCGA-KICH	0.0404887004784248	6759.6923076923	1	0.188770462347008
ENSG00000157654	PALM2-AKAP2	TCGA-KICH	0.0343834419364256	6760.3137254902	1	0.176490648273031
ENSG00000109113	RAB34	TCGA-KICH	0.0323256947849284	6760.3962264151	1	0.170800396562398
ENSG00000117360	PRPF3	TCGA-KICH	0.0196934383493988	6760.5833333333	1	0.135418812866304
ENSG00000130021	HDHD1	TCGA-KICH	0.0359567617923757	6760.829787234	1	0.180516470252319
ENSG00000087903	RFX2	TCGA-KICH	0.0277405298029457	6761.1063829787	1	0.158897023289606
ENSG00000188467	SLC24A5	TCGA-KICH	0.0429251039500267	6761.2040816327	1	0.194016545589689
ENSG00000127743	IL17B	TCGA-KICH	0.0414975647972255	6761.4583333333	1	0.190862579042954
ENSG00000118900	UBN1	TCGA-KICH	0.0295051358160336	6762.2745098039	1	0.163532093297462
ENSG00000130164	LDLR	TCGA-KICH	0.0354852133229805	6762.488372093	1	0.179396363082968
ENSG00000150048	CLEC1A	TCGA-KICH	0.0341613645075522	6763.1063829787	1	0.175885952306528
ENSG00000144445	KANSL1L	TCGA-KICH	0.0452683903221829	6763.4406779661	1	0.197486589760218
ENSG00000176387	HSD11B2	TCGA-KICH	0.0362071446197022	6764.137254902	1	0.180922752288465
ENSG00000130402	ACTN4	TCGA-KICH	0.0446671995242267	6764.3921568627	1	0.196277844390827
ENSG00000120149	MSX2	TCGA-KICH	0.042741735502098	6764.6785714286	1	0.193630753556785
ENSG00000242252	BGLAP	TCGA-KICH	0.0338504324411565	6766.6976744186	1	0.175045100272884
ENSG00000249481	SPATS1	TCGA-KICH	0.0331537181868577	6766.9534883721	1	0.172851999754921
ENSG00000139515	PDX1	TCGA-KICH	0.0190617574021375	6767	1	0.133108798734489
ENSG00000004846	ABCB5	TCGA-KICH	0.0437081182338794	6767.0196078431	1	0.195154947682431
ENSG00000221970	OR2A1	TCGA-KICH	0.0192686187252252	6767.625	1	0.133877192574613
ENSG00000171729	TMEM51	TCGA-KICH	0.0354659503837016	6767.8541666667	1	0.179396363082968
ENSG00000148950	IMMP1L	TCGA-KICH	0.0154647981867421	6768.1304347826	1	0.122497792483032
ENSG00000099804	CDC34	TCGA-KICH	0.0254575554253405	6768.4489795918	1	0.153560357866979
ENSG00000213648	SULT1A4	TCGA-KICH	0.0382504926282571	6769.16	1	0.184902396450811
ENSG00000117724	CENPF	TCGA-KICH	0.0174701277902479	6769.9565217391	1	0.128282483521696
ENSG00000133131	MORC4	TCGA-KICH	0.0398824748152319	6770.4680851064	1	0.187858186519394
ENSG00000159337	PLA2G4D	TCGA-KICH	0.0280534237629727	6770.72	1	0.159487249401493
ENSG00000160113	NR2F6	TCGA-KICH	0.0269857409512191	6770.8958333333	1	0.157275334657153
ENSG00000186038	HTR3E	TCGA-KICH	0.0274736145235763	6771.2448979592	1	0.158282958762171
ENSG00000161807	OR7G1	TCGA-KICH	0.033069350745194	6772.3396226415	1	0.172630998155655
ENSG00000070785	EIF2B3	TCGA-KICH	0.0411368615959558	6772.7551020408	1	0.190076987437747
ENSG00000183605	SFXN4	TCGA-KICH	0.00880077736441068	6772.8421052632	1	0.0944035160690135
ENSG00000115364	MRPL19	TCGA-KICH	0.0304385191910839	6772.9245283019	1	0.166213931071656
ENSG00000137868	STRA6	TCGA-KICH	0.0249099233944192	6773.4782608696	1	0.15151250404923
ENSG00000118271	TTR	TCGA-KICH	0.0447508294117652	6773.5217391304	1	0.196521872335867
ENSG00000165886	UBTD1	TCGA-KICH	0.0209377292403695	6775.5614035088	1	0.139715722410216
ENSG00000150433	TMEM218	TCGA-KICH	0.0265604045023817	6775.6	1	0.156556819324859
ENSG00000113048	MRPS27	TCGA-KICH	0.0209360266858505	6775.7358490566	1	0.139715722410216
ENSG00000254470	AP5B1	TCGA-KICH	0.0238477414731677	6776.2727272727	1	0.148434348889538
ENSG00000109458	GAB1	TCGA-KICH	0.0430235209450797	6776.4117647059	1	0.194090616319846
ENSG00000104369	JPH1	TCGA-KICH	0.0341376040211922	6776.8571428571	1	0.175848738629589
ENSG00000166736	HTR3A	TCGA-KICH	0.0324272001447953	6777.34	1	0.171077426929605
ENSG00000127452	FBXL12	TCGA-KICH	0.0267233649770131	6777.5625	1	0.156824730709734
ENSG00000159461	AMFR	TCGA-KICH	0.0282356965925806	6777.8166666667	1	0.160012272091358
ENSG00000196503	ARL9	TCGA-KICH	0.0384726955122499	6778.2156862745	1	0.185167188707416
ENSG00000198835	GJC2	TCGA-KICH	0.0360972366951428	6778.4	1	0.180711861729513
ENSG00000126217	MCF2L	TCGA-KICH	0.0275520922592179	6780.18	1	0.158282958762171
ENSG00000158089	GALNT14	TCGA-KICH	0.0369288425899966	6781.1090909091	1	0.182254364893311
ENSG00000160181	TFF2	TCGA-KICH	0.0405066403503309	6781.5238095238	1	0.188799140049636
ENSG00000133687	TMTC1	TCGA-KICH	0.0406153214762399	6782.1162790698	1	0.1889757040796
ENSG00000171004	HS6ST2	TCGA-KICH	0.0382700906049478	6783.7454545455	1	0.184928933632992
ENSG00000119283	TRIM67	TCGA-KICH	0.0404094450334777	6784.0697674419	1	0.188593809445009
ENSG00000198088	NUP62CL	TCGA-KICH	0.0412517170434263	6784.1132075472	1	0.190238986033954
ENSG00000177105	RHOG	TCGA-KICH	0.0401716016099204	6784.25	1	0.188333134045284
ENSG00000160336	ZNF761	TCGA-KICH	0.0324812742352147	6784.72	1	0.171166626583767
ENSG00000173805	HAP1	TCGA-KICH	0.0288138219391284	6785.4255319149	1	0.161347328096203
ENSG00000123124	WWP1	TCGA-KICH	0.0274837850563881	6786.1666666667	1	0.158282958762171
ENSG00000172640	OR10AD1	TCGA-KICH	0.0318286335262048	6786.1836734694	1	0.169122616430713
ENSG00000180901	KCTD2	TCGA-KICH	0.0322854844849572	6786.3773584906	1	0.17064423565234
ENSG00000189266	PNRC2	TCGA-KICH	0.0396003996874396	6786.8666666667	1	0.187463717062968
ENSG00000064995	TAF11	TCGA-KICH	0.0221663698239095	6787.1489361702	1	0.143751884671219
ENSG00000203760	CENPW	TCGA-KICH	0.0292100661889946	6787.8260869565	1	0.162656192634475
ENSG00000166197	NOLC1	TCGA-KICH	0.0367271493066054	6788.4901960784	1	0.181743886218702
ENSG00000135924	DNAJB2	TCGA-KICH	0.0378111160269637	6788.5106382979	1	0.184114299359902
ENSG00000046651	OFD1	TCGA-KICH	0.0364312644417534	6788.6470588235	1	0.181419993791878
ENSG00000215568	GAB4	TCGA-KICH	0.0398752600472013	6788.7674418605	1	0.187858186519394
ENSG00000232268	OR52I1	TCGA-KICH	0.0369996303943174	6789.0392156863	1	0.182378910669435
ENSG00000087338	GMCL1	TCGA-KICH	0.0296855761845282	6789.25	1	0.163766621631147
ENSG00000181322	NME9	TCGA-KICH	0.0372224556059208	6789.375	1	0.183026597030648
ENSG00000101082	SLA2	TCGA-KICH	0.0458246452615503	6789.5	1	0.198805520370097
ENSG00000136327	NKX2-8	TCGA-KICH	0.0265305092030459	6789.6730769231	1	0.156438182948004
ENSG00000187486	KCNJ11	TCGA-KICH	0.0316155728292417	6789.6730769231	1	0.168574735913155
ENSG00000165899	OTOGL	TCGA-KICH	0.0357024122468631	6789.7254901961	1	0.179882984787835
ENSG00000115423	DNAH6	TCGA-KICH	0.0336903595829858	6789.9534883721	1	0.174612009294989
ENSG00000022567	SLC45A4	TCGA-KICH	0.0439415966440069	6790.1538461538	1	0.19553338990102
ENSG00000106537	TSPAN13	TCGA-KICH	0.0361293268548667	6790.2619047619	1	0.180759503149232
ENSG00000111335	OAS2	TCGA-KICH	0.0224805362762252	6790.4107142857	1	0.144879592943157
ENSG00000170819	BFSP2	TCGA-KICH	0.0253286250036098	6791.02	1	0.153128701182639
ENSG00000131013	PPIL4	TCGA-KICH	0.0141739773983364	6791.0666666667	1	0.117473338005346
ENSG00000047644	WWC3	TCGA-KICH	0.0422073728443157	6791.5818181818	1	0.192448356227695
ENSG00000105479	CCDC114	TCGA-KICH	0.0425663178157231	6791.9387755102	1	0.193170750869596
ENSG00000167178	ISLR2	TCGA-KICH	0.0311923914173895	6792.2857142857	1	0.167689207300938
ENSG00000115993	TRAK2	TCGA-KICH	0.0301729764421775	6792.5833333333	1	0.165486375932011
ENSG00000213886	UBD	TCGA-KICH	0.0100067675703405	6792.8275862069	1	0.0996012322181495
ENSG00000042286	AIFM2	TCGA-KICH	0.0127725177332053	6794.6595744681	1	0.111899273247966
ENSG00000136870	ZNF189	TCGA-KICH	0.0279508859929898	6794.7555555556	1	0.159182422070269
ENSG00000112305	SMAP1	TCGA-KICH	0.0360233743439568	6795.6923076923	1	0.180570632225375
ENSG00000167525	PROCA1	TCGA-KICH	0.0328980050197826	6795.75	1	0.172233262632173
ENSG00000236981	OR10G9	TCGA-KICH	0.0406791860846075	6795.862745098	1	0.188985950501045
ENSG00000173064	HECTD4	TCGA-KICH	0.0234500587271215	6796.0384615385	1	0.147680963631479
ENSG00000160606	TLCD1	TCGA-KICH	0.0245448562154199	6796.0566037736	1	0.150665340088137
ENSG00000175879	HOXD8	TCGA-KICH	0.03749388363631	6796.4791666667	1	0.183684474284339
ENSG00000111676	ATN1	TCGA-KICH	0.0415806426025155	6796.8431372549	1	0.19093635698377
ENSG00000103507	BCKDK	TCGA-KICH	0.0328970675252423	6797.7659574468	1	0.172233262632173
ENSG00000204193	TXNDC8	TCGA-KICH	0.0364639964090059	6798	1	0.181470137504733
ENSG00000184210	DGAT2L6	TCGA-KICH	0.0143669818206674	6798.1296296296	1	0.118196170193832
ENSG00000162520	SYNC	TCGA-KICH	0.0411720864939828	6798.4791666667	1	0.190130036101827
ENSG00000156427	FGF18	TCGA-KICH	0.04111242993144	6798.5192307692	1	0.190018922179513
ENSG00000260914	RP11-343C2.11	TCGA-KICH	0.0398016163407977	6799.6727272727	1	0.187804947473353
ENSG00000108370	RGS9	TCGA-KICH	0.034612970358002	6799.9333333333	1	0.177271096988616
ENSG00000244486	SCARF2	TCGA-KICH	0.0203078974060681	6800.26	1	0.137751366776019
ENSG00000144369	FAM171B	TCGA-KICH	0.0397373853105923	6800.3888888889	1	0.187804947473353
ENSG00000164109	MAD2L1	TCGA-KICH	0.0341738314572925	6800.5102040816	1	0.175885952306528
ENSG00000167191	GPRC5B	TCGA-KICH	0.0283767249073214	6800.8363636364	1	0.160187962421837
ENSG00000155495	MAGEC1	TCGA-KICH	0.0273331155297004	6801.0555555556	1	0.158282958762171
ENSG00000115665	SLC5A7	TCGA-KICH	0.0324315371937735	6801.2391304348	1	0.171077426929605
ENSG00000242732	RGAG4	TCGA-KICH	0.0283167891373783	6801.2830188679	1	0.160080683822
ENSG00000242028	HYPK	TCGA-KICH	0.041699795092616	6801.9818181818	1	0.191353071177147
ENSG00000185608	MRPL40	TCGA-KICH	0.039894821481463	6802.1836734694	1	0.187861089687042
ENSG00000114735	HEMK1	TCGA-KICH	0.0252853367658141	6802.7	1	0.153036064597209
ENSG00000177575	CD163	TCGA-KICH	0.0432728294111184	6802.7272727273	1	0.194435340141237
ENSG00000163738	MTHFD2L	TCGA-KICH	0.0322748000849692	6803	1	0.170644081664173
ENSG00000106113	CRHR2	TCGA-KICH	0.0330099211824925	6803.62	1	0.172480876912763
ENSG00000173409	ARV1	TCGA-KICH	0.0377574396802985	6804.2444444444	1	0.184114299359902
ENSG00000107949	BCCIP	TCGA-KICH	0.0140298656303627	6804.298245614	1	0.116852019482976
ENSG00000181790	BAI1	TCGA-KICH	0.0304219160244368	6804.8695652174	1	0.166213931071656
ENSG00000198521	ZNF43	TCGA-KICH	0.018953535926985	6805.0727272727	1	0.132724476550356
ENSG00000119471	HSDL2	TCGA-KICH	0.0128934418665978	6805.2692307692	1	0.112351554573146
ENSG00000152952	PLOD2	TCGA-KICH	0.0261862401976452	6805.3018867925	1	0.15559736154794
ENSG00000197870	PRB3	TCGA-KICH	0.0304447425679789	6805.44	1	0.166213931071656
ENSG00000184524	CEND1	TCGA-KICH	0.0412668942773418	6805.52	1	0.190238986033954
ENSG00000271092	TMEM56-RWDD3	TCGA-KICH	0.0278503867857586	6805.568627451	1	0.158897023289606
ENSG00000111262	KCNA1	TCGA-KICH	0.0403961186222916	6805.8301886792	1	0.188593809445009
ENSG00000166090	IL25	TCGA-KICH	0.0254544445113611	6805.9444444444	1	0.153560357866979
ENSG00000141429	GALNT1	TCGA-KICH	0.038562065200988	6805.9772727273	1	0.185167188707416
ENSG00000147164	SNX12	TCGA-KICH	0.0173863612447313	6806.1454545455	1	0.128205479851552
ENSG00000174004	NRROS	TCGA-KICH	0.0359917998432719	6806.4423076923	1	0.180570632225375
ENSG00000153015	CWC27	TCGA-KICH	0.0450799409653488	6806.5	1	0.197118441090023
ENSG00000102181	CD99L2	TCGA-KICH	0.024159204532087	6806.6136363636	1	0.149443669594968
ENSG00000119638	NEK9	TCGA-KICH	0.0346355412523394	6806.8372093023	1	0.177329985024366
ENSG00000168515	SCGB1D1	TCGA-KICH	0.0453520321720323	6807	1	0.197625321854531
ENSG00000170426	SDR9C7	TCGA-KICH	0.0230655813559187	6807.0925925926	1	0.146471687922023
ENSG00000146021	KLHL3	TCGA-KICH	0.0275150987573871	6807.6818181818	1	0.158282958762171
ENSG00000171045	TSNARE1	TCGA-KICH	0.0384335940113251	6807.7555555556	1	0.185167188707416
ENSG00000011009	LYPLA2	TCGA-KICH	0.0264351157251871	6807.8703703704	1	0.156105596732622
ENSG00000111012	CYP27B1	TCGA-KICH	0.0284924831769733	6808.0754716981	1	0.160501976109472
ENSG00000149295	DRD2	TCGA-KICH	0.0233999169845423	6808.1020408163	1	0.147641522373097
ENSG00000174827	PDZK1	TCGA-KICH	0.0397878756880686	6808.2978723404	1	0.187804947473353
ENSG00000143178	TBX19	TCGA-KICH	0.0427332263839415	6808.4791666667	1	0.193630753556785
ENSG00000247596	TWF2	TCGA-KICH	0.040684705686712	6809.0909090909	1	0.188985950501045
ENSG00000165409	TSHR	TCGA-KICH	0.0367394444879138	6809.2727272727	1	0.181743886218702
ENSG00000103429	BFAR	TCGA-KICH	0.022536356309223	6809.2941176471	1	0.145122535702536
ENSG00000121542	SEC22A	TCGA-KICH	0.0306250960457665	6810.1346153846	1	0.166483677248116
ENSG00000149930	TAOK2	TCGA-KICH	0.0458314068814485	6810.4418604651	1	0.198805520370097
ENSG00000164587	RPS14	TCGA-KICH	0.0381797768439428	6810.6551724138	1	0.18481137415527
ENSG00000112619	PRPH2	TCGA-KICH	0.0350879772806891	6810.66	1	0.178329363860248
ENSG00000237515	SHISA9	TCGA-KICH	0.0407328359797897	6810.82	1	0.189028214493287
ENSG00000166272	WBP1L	TCGA-KICH	0.0275739783383967	6811.0888888889	1	0.158335339938839
ENSG00000151338	MIPOL1	TCGA-KICH	0.0430923386392118	6811.1428571429	1	0.194232918959179
ENSG00000100220	RTCB	TCGA-KICH	0.0312212960480956	6811.7213114754	1	0.167770472651178
ENSG00000044446	PHKA2	TCGA-KICH	0.031406281403123	6811.8979591837	1	0.168191103097716
ENSG00000104763	ASAH1	TCGA-KICH	0.0292748038303263	6812.3392857143	1	0.162845290150907
ENSG00000140104	C14orf79	TCGA-KICH	0.0137832228565111	6813.2391304348	1	0.116116945842728
ENSG00000206579	XKR4	TCGA-KICH	0.0324718615721507	6814.3333333333	1	0.171166626583767
ENSG00000162873	KLHDC8A	TCGA-KICH	0.0268212474800907	6814.511627907	1	0.157168780970967
ENSG00000105383	CD33	TCGA-KICH	0.0260046965688183	6814.5208333333	1	0.155270357193352
ENSG00000170027	YWHAG	TCGA-KICH	0.0172332116146542	6814.8448275862	1	0.128205479851552
ENSG00000160293	VAV2	TCGA-KICH	0.0242725041498181	6814.88	1	0.149618375612666
ENSG00000172497	ACOT12	TCGA-KICH	0.0242134325979735	6814.9591836735	1	0.149521744371002
ENSG00000042429	MED17	TCGA-KICH	0.0382123815734099	6815.5576923077	1	0.18481137415527
ENSG00000132434	LANCL2	TCGA-KICH	0.0325696781281251	6816.26	1	0.171166626583767
ENSG00000182670	TTC3	TCGA-KICH	0.00723691114007738	6816.2641509434	1	0.085408350706219
ENSG00000112936	C7	TCGA-KICH	0.00939633145542888	6817.4186046512	1	0.0972107546890785
ENSG00000132677	RHBG	TCGA-KICH	0.02581540347003	6817.8	1	0.15458039494931
ENSG00000110497	AMBRA1	TCGA-KICH	0.0141894411104835	6817.9791666667	1	0.117499430912302
ENSG00000204291	COL15A1	TCGA-KICH	0.0373933330722334	6818.02	1	0.183563273784998
ENSG00000150637	CD226	TCGA-KICH	0.0433290398621904	6818.0952380952	1	0.194435340141237
ENSG00000113734	BNIP1	TCGA-KICH	0.0173925168763094	6818.125	1	0.128205479851552
ENSG00000186579	DEFB106A	TCGA-KICH	0.0247510885597745	6819.46	1	0.151020731886607
ENSG00000122507	BBS9	TCGA-KICH	0.0340654862986995	6819.7843137255	1	0.175594643859688
ENSG00000037897	METTL1	TCGA-KICH	0.0200690551131116	6819.8888888889	1	0.136938887652101
ENSG00000117000	RLF	TCGA-KICH	0.0136045187552373	6820.3773584906	1	0.115342486386429
ENSG00000137462	TLR2	TCGA-KICH	0.0154638836263351	6820.9811320755	1	0.122497792483032
ENSG00000128266	GNAZ	TCGA-KICH	0.0219785268902022	6821.037037037	1	0.143422046239392
ENSG00000013523	ANGEL1	TCGA-KICH	0.0444001668365525	6821.0392156863	1	0.196016707945551
ENSG00000133316	WDR74	TCGA-KICH	0.0292209518237401	6821.5892857143	1	0.162660251462356
ENSG00000001036	FUCA2	TCGA-KICH	0.0203403057425563	6821.7234042553	1	0.137799217840018
ENSG00000144935	TRPC1	TCGA-KICH	0.023427318345259	6822.0784313725	1	0.147680963631479
ENSG00000155666	KDM8	TCGA-KICH	0.0269969272478216	6822.1	1	0.157275334657153
ENSG00000166477	LEO1	TCGA-KICH	0.027449099448678	6822.24	1	0.158282958762171
ENSG00000176246	OR4L1	TCGA-KICH	0.0360040776852117	6822.28	1	0.180570632225375
ENSG00000171103	TRMT61B	TCGA-KICH	0.0155161549212451	6822.431372549	1	0.122651145638569
ENSG00000129538	RNASE1	TCGA-KICH	0.0173890873519189	6822.76	1	0.128205479851552
ENSG00000065150	IPO5	TCGA-KICH	0.0248684643382519	6822.862745098	1	0.151317802574888
ENSG00000022267	FHL1	TCGA-KICH	0.0270083780519356	6823.0212765957	1	0.157275334657153
ENSG00000184867	ARMCX2	TCGA-KICH	0.0217952912174173	6823.1304347826	1	0.143081427180976
ENSG00000047932	GOPC	TCGA-KICH	0.0269121496949747	6823.3636363636	1	0.157275334657153
ENSG00000108854	SMURF2	TCGA-KICH	0.0222981464866798	6823.7608695652	1	0.143993877412975
ENSG00000130812	ANGPTL6	TCGA-KICH	0.0260319019084701	6823.8148148148	1	0.155270357193352
ENSG00000163424	C3orf30	TCGA-KICH	0.0443486164707564	6824.023255814	1	0.196016707945551
ENSG00000183691	NOG	TCGA-KICH	0.0217148539662891	6824.9215686275	1	0.143036754081083
ENSG00000085741	WNT11	TCGA-KICH	0.012845738762572	6825.0327868852	1	0.112295036180454
ENSG00000124383	MPHOSPH10	TCGA-KICH	0.0227032016332439	6826.152173913	1	0.145460764907541
ENSG00000123700	KCNJ2	TCGA-KICH	0.0127374708725563	6826.4509803922	1	0.111653309263267
ENSG00000163833	FBXO40	TCGA-KICH	0.041511843333282	6827.2619047619	1	0.190873434103506
ENSG00000204688	OR2H1	TCGA-KICH	0.0123339624158403	6827.3275862069	1	0.109376148196902
ENSG00000116675	DNAJC6	TCGA-KICH	0.0319415958721589	6827.46	1	0.169497898572772
ENSG00000123154	WDR83	TCGA-KICH	0.0352595690389755	6827.7884615385	1	0.178866644966485
ENSG00000067167	TRAM1	TCGA-KICH	0.039036713182245	6827.7924528302	1	0.186118773924875
ENSG00000277836	AC141272.1	TCGA-KICH	0.0261478423610816	6828.0869565217	1	0.155556350450491
ENSG00000170788	DYDC1	TCGA-KICH	0.0387049792300672	6828.6818181818	1	0.185388035700823
ENSG00000167822	OR8J3	TCGA-KICH	0.0287669062257524	6829.2608695652	1	0.161253763810089
ENSG00000187243	MAGED4B	TCGA-KICH	0.043311678643874	6829.6739130435	1	0.194435340141237
ENSG00000143862	ARL8A	TCGA-KICH	0.0200652450018511	6830.5789473684	1	0.136938887652101
ENSG00000101198	NKAIN4	TCGA-KICH	0.0102147851299275	6831.2641509434	1	0.100608723158542
ENSG00000240021	TEX35	TCGA-KICH	0.0437103214072356	6831.94	1	0.195154947682431
ENSG00000122958	VPS26A	TCGA-KICH	0.0279059537363122	6832.1956521739	1	0.15910069387221
ENSG00000213762	ZNF134	TCGA-KICH	0.0137579973755195	6832.6862745098	1	0.116010705889175
ENSG00000104903	LYL1	TCGA-KICH	0.0248131980417473	6832.7083333333	1	0.151202393538748
ENSG00000165949	IFI27	TCGA-KICH	0.0390702155903616	6832.8363636364	1	0.186140279828147
ENSG00000127324	TSPAN8	TCGA-KICH	0.0393526035056058	6832.8846153846	1	0.186956969784123
ENSG00000144674	GOLGA4	TCGA-KICH	0.0375416977351953	6832.8918918919	1	0.183768953219052
ENSG00000187627	RGPD1	TCGA-KICH	0.0182952562520236	6833.462962963	1	0.130627204516417
ENSG00000011201	KAL1	TCGA-KICH	0.0327242218172399	6833.5744680851	1	0.171716386763793
ENSG00000182934	SRPR	TCGA-KICH	0.0217212229737867	6833.612244898	1	0.143036754081083
ENSG00000170632	ARMC10	TCGA-KICH	0.0338143307440619	6833.6538461538	1	0.174914892398627
ENSG00000118816	CCNI	TCGA-KICH	0.0262498174869318	6833.6888888889	1	0.155642660886047
ENSG00000086288	NME8	TCGA-KICH	0.040891954870882	6833.8333333333	1	0.189273022328663
ENSG00000100490	CDKL1	TCGA-KICH	0.0404597332286827	6833.8723404255	1	0.18869034002835
ENSG00000196199	MPHOSPH8	TCGA-KICH	0.0368075046476491	6834	1	0.181969729585655
ENSG00000227151	PRR20D	TCGA-KICH	0.0156643807535537	6834.12	1	0.123517999885851
ENSG00000166971	AKTIP	TCGA-KICH	0.0166777791586713	6834.1568627451	1	0.126705233978236
ENSG00000111275	ALDH2	TCGA-KICH	0.0425015382187088	6834.2452830189	1	0.192943303004346
ENSG00000164604	GPR85	TCGA-KICH	0.0315636289819116	6834.76	1	0.168441025706536
ENSG00000161850	KRT82	TCGA-KICH	0.0354969734421689	6835.22	1	0.179396363082968
ENSG00000094975	SUCO	TCGA-KICH	0.0402715975298205	6835.3513513514	1	0.18844463818821
ENSG00000094880	CDC23	TCGA-KICH	0.0445713381224561	6835.7608695652	1	0.196101642865696
ENSG00000121797	CCRL2	TCGA-KICH	0.0308538505568357	6835.8333333333	1	0.167158336255252
ENSG00000087258	GNAO1	TCGA-KICH	0.0368143567816123	6836.3111111111	1	0.181969729585655
ENSG00000145626	UGT3A1	TCGA-KICH	0.0260501552161536	6836.6170212766	1	0.15529262619879
ENSG00000172380	GNG12	TCGA-KICH	0.0315957540377899	6837.02	1	0.168556296107664
ENSG00000240505	TNFRSF13B	TCGA-KICH	0.0189851519361265	6837.2272727273	1	0.132829710903044
ENSG00000168002	POLR2G	TCGA-KICH	0.0235941316980901	6837.2407407407	1	0.148006274635689
ENSG00000148156	ACTL7B	TCGA-KICH	0.0221166925437637	6837.5813953488	1	0.143721441488538
ENSG00000124212	PTGIS	TCGA-KICH	0.0453733583131551	6837.8958333333	1	0.197625321854531
ENSG00000135702	CHST5	TCGA-KICH	0.0347305876854772	6837.9230769231	1	0.17758951525636
ENSG00000140988	RPS2	TCGA-KICH	0.0385171161798192	6837.9622641509	1	0.185167188707416
ENSG00000236446	CT47B1	TCGA-KICH	0.0193165240652522	6838.6046511628	1	0.133977536987879
ENSG00000160888	IER2	TCGA-KICH	0.0288597006084055	6838.8703703704	1	0.161439955968118
ENSG00000109158	GABRA4	TCGA-KICH	0.0199015136810185	6838.9302325581	1	0.136439529795168
ENSG00000166596	WDR16	TCGA-KICH	0.0239747299110273	6839.12	1	0.148984845521946
ENSG00000185883	ATP6V0C	TCGA-KICH	0.0461416930013034	6839.18	1	0.199395362497537
ENSG00000154945	ANKRD40	TCGA-KICH	0.0243273723423249	6839.66	1	0.149732078425185
ENSG00000114316	USP4	TCGA-KICH	0.0351309207253642	6839.9411764706	1	0.17844011906651
ENSG00000116039	ATP6V1B1	TCGA-KICH	0.0282111875835752	6840.0188679245	1	0.15992997138087
ENSG00000135312	HTR1B	TCGA-KICH	0.0354519929353391	6840.4047619048	1	0.179396363082968
ENSG00000063245	EPN1	TCGA-KICH	0.0189449465461814	6840.4423076923	1	0.132724476550356
ENSG00000130723	PRRC2B	TCGA-KICH	0.0094995054629684	6840.6808510638	1	0.0976440811956131
ENSG00000102172	SMS	TCGA-KICH	0.0332817893561494	6840.72	1	0.173223222794518
ENSG00000100385	IL2RB	TCGA-KICH	0.0130288697063431	6841.1764705882	1	0.112673605554678
ENSG00000163902	RPN1	TCGA-KICH	0.0255487320070694	6841.18	1	0.153878504359991
ENSG00000163946	FAM208A	TCGA-KICH	0.0281521909406253	6841.26	1	0.15976517998374
ENSG00000124721	DNAH8	TCGA-KICH	0.0240174782421479	6841.2692307692	1	0.148984845521946
ENSG00000157483	MYO1E	TCGA-KICH	0.0433306106128052	6841.7924528302	1	0.194435340141237
ENSG00000129946	SHC2	TCGA-KICH	0.0316896405560347	6842.7962962963	1	0.168776053709643
ENSG00000174799	CEP135	TCGA-KICH	0.0222195302760576	6843.3148148148	1	0.143883822533806
ENSG00000171435	KSR2	TCGA-KICH	0.0300601243608574	6843.5102040816	1	0.165099978384231
ENSG00000123095	BHLHE41	TCGA-KICH	0.0122107463566649	6843.5357142857	1	0.109152006763204
ENSG00000048740	CELF2	TCGA-KICH	0.0180661218188573	6844.1111111111	1	0.130211044522502
ENSG00000057019	DCBLD2	TCGA-KICH	0.0296626948515357	6844.962962963	1	0.163766621631147
ENSG00000165025	SYK	TCGA-KICH	0.0407122385444975	6845.2051282051	1	0.188987391388443
ENSG00000127955	GNAI1	TCGA-KICH	0.0262052030291484	6845.26	1	0.15559736154794
ENSG00000173548	SNX33	TCGA-KICH	0.0177893515639974	6845.2962962963	1	0.129380774431162
ENSG00000072042	RDH11	TCGA-KICH	0.0157293905415459	6845.3571428571	1	0.123786825318357
ENSG00000132554	RGS22	TCGA-KICH	0.0359817572583714	6845.5833333333	1	0.180570632225375
ENSG00000137504	CREBZF	TCGA-KICH	0.024210988544255	6845.8780487805	1	0.149521744371002
ENSG00000182271	TMIGD1	TCGA-KICH	0.0300399222626192	6845.8958333333	1	0.165095866518822
ENSG00000089220	PEBP1	TCGA-KICH	0.0152783482142337	6845.94	1	0.121778933565788
ENSG00000183862	CNGA2	TCGA-KICH	0.0248211734382371	6846.4528301887	1	0.151202393538748
ENSG00000112303	VNN2	TCGA-KICH	0.0217994806320064	6847.1296296296	1	0.143081427180976
ENSG00000138083	SIX3	TCGA-KICH	0.0181109823319133	6847.6862745098	1	0.130224100842994
ENSG00000110047	EHD1	TCGA-KICH	0.0111137715293668	6847.7037037037	1	0.104945195190335
ENSG00000172458	IL17D	TCGA-KICH	0.0405365352548601	6847.8	1	0.188842628229415
ENSG00000042088	TDP1	TCGA-KICH	0.0175619192710072	6847.9454545455	1	0.128720428890243
ENSG00000170935	NCBP2L	TCGA-KICH	0.0301096715793247	6848.3111111111	1	0.165252361323812
ENSG00000104413	ESRP1	TCGA-KICH	0.01877305972483	6848.7021276596	1	0.132050629283527
ENSG00000114902	SPCS1	TCGA-KICH	0.0270768513380607	6848.8461538462	1	0.157275334657153
ENSG00000141026	MED9	TCGA-KICH	0.0206790729120324	6848.962962963	1	0.138857590224821
ENSG00000116750	UCHL5	TCGA-KICH	0.0177138850743503	6849.2222222222	1	0.12923418211026
ENSG00000113494	PRLR	TCGA-KICH	0.0305719987278086	6849.2545454545	1	0.166395907365771
ENSG00000186790	FOXE3	TCGA-KICH	0.0229149878458821	6849.3333333333	1	0.145987504481072
ENSG00000172331	BPGM	TCGA-KICH	0.02638602883418	6849.4418604651	1	0.15604588322725
ENSG00000106327	TFR2	TCGA-KICH	0.0312976537848697	6850.4893617021	1	0.167916892919493
ENSG00000196091	MYBPC1	TCGA-KICH	0.0112390912768056	6851.2391304348	1	0.10517548930838
ENSG00000096401	CDC5L	TCGA-KICH	0.00602622509621199	6852.6111111111	1	0.078783669319049
ENSG00000183474	GTF2H2C	TCGA-KICH	0.0145742429182056	6853.2456140351	1	0.118665889163355
ENSG00000104133	SPG11	TCGA-KICH	0.0374743781735542	6853.5490196078	1	0.183645093772788
ENSG00000197561	ELANE	TCGA-KICH	0.032760083941855	6853.8	1	0.17184826214504
ENSG00000111058	ACSS3	TCGA-KICH	0.0217461180574994	6854.78	1	0.143079514881219
ENSG00000174721	FGFBP3	TCGA-KICH	0.0439364505225557	6855.0392156863	1	0.19553338990102
ENSG00000171053	PATE1	TCGA-KICH	0.0382901375758183	6855.3571428571	1	0.184928933632992
ENSG00000125831	CST11	TCGA-KICH	0.0162046835651277	6855.8392857143	1	0.125147988063001
ENSG00000176406	RIMS2	TCGA-KICH	0.0235013025514596	6856.25	1	0.147771244743473
ENSG00000006625	GGCT	TCGA-KICH	0.0259509253548097	6856.7254901961	1	0.15501830270693
ENSG00000136802	LRRC8A	TCGA-KICH	0.0266134519660317	6856.76	1	0.156625228133712
ENSG00000134324	LPIN1	TCGA-KICH	0.0287374380248926	6856.7636363636	1	0.16118440040814
ENSG00000143450	OAZ3	TCGA-KICH	0.0399172956164078	6857.4893617021	1	0.187911666459956
ENSG00000080839	RBL1	TCGA-KICH	0.034004361732491	6857.5471698113	1	0.175418384581333
ENSG00000060749	QSER1	TCGA-KICH	0.025902538791643	6858.12	1	0.154844777434924
ENSG00000204963	PCDHA7	TCGA-KICH	0.0164100189343965	6858.4150943396	1	0.125744714466201
ENSG00000179526	SHARPIN	TCGA-KICH	0.0435682653351439	6859.2272727273	1	0.194901052888919
ENSG00000074047	GLI2	TCGA-KICH	0.019065670986667	6859.652173913	1	0.133108798734489
ENSG00000101057	MYBL2	TCGA-KICH	0.0309841479851589	6859.7959183673	1	0.16716420822482
ENSG00000241598	KRTAP5-4	TCGA-KICH	0.0289324355673181	6860.2307692308	1	0.161615959403767
ENSG00000134318	ROCK2	TCGA-KICH	0.0366258173080857	6861.0434782609	1	0.181506697837246
ENSG00000187689	AMTN	TCGA-KICH	0.0381327776623947	6861.2	1	0.18481137415527
ENSG00000103342	GSPT1	TCGA-KICH	0.0189254252543089	6861.4642857143	1	0.132724476550356
ENSG00000108771	DHX58	TCGA-KICH	0.0449479847457208	6861.4680851064	1	0.196947188974752
ENSG00000148690	FRA10AC1	TCGA-KICH	0.0366177993166179	6861.6981132075	1	0.181506697837246
ENSG00000248920	USP17L19	TCGA-KICH	0.0149334505235418	6861.8148148148	1	0.120448901662605
ENSG00000167995	BEST1	TCGA-KICH	0.0370410550875987	6862.5526315789	1	0.182526922223967
ENSG00000123728	RAP2C	TCGA-KICH	0.0431157057071422	6862.5714285714	1	0.194232918959179
ENSG00000120952	PRAMEF2	TCGA-KICH	0.0213021684300294	6862.7678571429	1	0.141180982795524
ENSG00000131748	STARD3	TCGA-KICH	0.0304716891430773	6862.8148148148	1	0.166213931071656
ENSG00000112818	MEP1A	TCGA-KICH	0.0325709318181712	6863.1951219512	1	0.171166626583767
ENSG00000139636	LMBR1L	TCGA-KICH	0.0170749386441782	6863.3469387755	1	0.128144160848827
ENSG00000179242	CDH4	TCGA-KICH	0.0141735866235777	6863.5714285714	1	0.117473338005346
ENSG00000092199	HNRNPC	TCGA-KICH	0.00862992027430008	6863.6666666667	1	0.0928818368231961
ENSG00000204644	ZFP57	TCGA-KICH	0.0397167531794063	6863.9130434783	1	0.187804947473353
ENSG00000163389	POGLUT1	TCGA-KICH	0.0307195174546423	6864.52	1	0.166855659490277
ENSG00000168484	SFTPC	TCGA-KICH	0.0228254619198641	6864.5849056604	1	0.145695405598495
ENSG00000165338	HECTD2	TCGA-KICH	0.0191662036753607	6864.6818181818	1	0.133571258425109
ENSG00000181939	OR4C15	TCGA-KICH	0.0222593077579848	6864.7659574468	1	0.143963065819035
ENSG00000076826	CAMSAP3	TCGA-KICH	0.0347557133077712	6864.9787234043	1	0.177661266716871
ENSG00000147041	SYTL5	TCGA-KICH	0.0133896474623786	6865.0952380952	1	0.114069020939102
ENSG00000170477	KRT4	TCGA-KICH	0.0325303291104143	6865.1555555556	1	0.171166626583767
ENSG00000150594	ADRA2A	TCGA-KICH	0.0159738308901803	6865.1764705882	1	0.124478184117389
ENSG00000121653	MAPK8IP1	TCGA-KICH	0.0388059098428961	6865.32	1	0.185444982938626
ENSG00000160633	SAFB	TCGA-KICH	0.0235766297020029	6865.5882352941	1	0.148006274635689
ENSG00000149782	PLCB3	TCGA-KICH	0.0403600912192934	6865.641509434	1	0.18858538993148
ENSG00000175470	PPP2R2D	TCGA-KICH	0.0442031538510543	6866.6382978723	1	0.195943538988337
ENSG00000008294	SPAG9	TCGA-KICH	0.0210450110525838	6867.0408163265	1	0.140144306606359
ENSG00000164830	OXR1	TCGA-KICH	0.0228102382107925	6867.0784313725	1	0.145656285863573
ENSG00000149499	EML3	TCGA-KICH	0.0294832092481284	6867.1886792453	1	0.163532093297462
ENSG00000204618	RNF39	TCGA-KICH	0.0283010564157393	6867.7826086957	1	0.160080683822
ENSG00000121594	CD80	TCGA-KICH	0.0177632560424242	6868.1176470588	1	0.129357632281917
ENSG00000146926	ASB10	TCGA-KICH	0.0261326294424322	6868.2127659574	1	0.155523619665757
ENSG00000137845	ADAM10	TCGA-KICH	0.0318142168093398	6868.2826086957	1	0.169117182884095
ENSG00000136002	ARHGEF4	TCGA-KICH	0.0381570053985853	6868.5813953488	1	0.18481137415527
ENSG00000136279	DBNL	TCGA-KICH	0.0421777467863776	6869.0444444444	1	0.192448356227695
ENSG00000111696	NT5DC3	TCGA-KICH	0.017359384464801	6869.64	1	0.128205479851552
ENSG00000135341	MAP3K7	TCGA-KICH	0.0119667318971981	6871.2407407407	1	0.108325029953482
ENSG00000149133	OR5F1	TCGA-KICH	0.0262073270241633	6872.2272727273	1	0.15559736154794
ENSG00000104047	DTWD1	TCGA-KICH	0.00435652090835504	6872.5925925926	1	0.0673452532309903
ENSG00000146072	TNFRSF21	TCGA-KICH	0.0401392920205786	6872.875	1	0.188277203255525
ENSG00000132507	EIF5A	TCGA-KICH	0.0303035240186735	6872.9183673469	1	0.16603179512797
ENSG00000213760	ATP6V1G2	TCGA-KICH	0.0160361269635173	6873	1	0.124729758776459
ENSG00000160799	CCDC12	TCGA-KICH	0.0123728301305861	6873.9791666667	1	0.109376148196902
ENSG00000156925	ZIC3	TCGA-KICH	0.033447102414661	6874.3035714286	1	0.173806609156644
ENSG00000173610	UGT2A1	TCGA-KICH	0.0354829753132058	6874.512195122	1	0.179396363082968
ENSG00000172724	CCL19	TCGA-KICH	0.0232493192584478	6874.8372093023	1	0.147285541109194
ENSG00000174950	CD164L2	TCGA-KICH	0.0321846590216377	6875.1666666667	1	0.170279918807905
ENSG00000169683	LRRC45	TCGA-KICH	0.0414471819445291	6876.2352941176	1	0.19079523392976
ENSG00000159885	ZNF222	TCGA-KICH	0.0453256985482542	6876.6153846154	1	0.197625321854531
ENSG00000170312	CDK1	TCGA-KICH	0.0211683965466904	6877.0555555556	1	0.140668826014625
ENSG00000179918	SEPHS2	TCGA-KICH	0.0396114404334114	6877.18	1	0.187463717062968
ENSG00000166436	TRIM66	TCGA-KICH	0.0303576560978068	6878.4137931034	1	0.16610108042582
ENSG00000198046	ZNF667	TCGA-KICH	0.024849548649929	6878.568627451	1	0.151317688832172
ENSG00000168090	COPS6	TCGA-KICH	0.0190606782571386	6879.3125	1	0.133108798734489
ENSG00000166145	SPINT1	TCGA-KICH	0.0287236962888887	6879.9111111111	1	0.16118440040814
ENSG00000175311	ANKS4B	TCGA-KICH	0.0287182335740933	6880.085106383	1	0.16118440040814
ENSG00000147383	NSDHL	TCGA-KICH	0.00834030391670088	6880.1276595745	1	0.0914862789218936
ENSG00000171163	ZNF692	TCGA-KICH	0.0170795224321904	6880.2765957447	1	0.128144160848827
ENSG00000134152	KATNBL1	TCGA-KICH	0.0412669520750519	6880.4791666667	1	0.190238986033954
ENSG00000104904	OAZ1	TCGA-KICH	0.0329273275232433	6880.8723404255	1	0.172283014587135
ENSG00000164867	NOS3	TCGA-KICH	0.00722067346704909	6881.0714285714	1	0.085405528489506
ENSG00000103995	CEP152	TCGA-KICH	0.0386479252207804	6881.1333333333	1	0.185257863636874
ENSG00000147548	WHSC1L1	TCGA-KICH	0.0434839241181466	6881.1951219512	1	0.194741343610771
ENSG00000133773	CCDC59	TCGA-KICH	0.0327103633565001	6881.5208333333	1	0.171699924337709
ENSG00000132842	AP3B1	TCGA-KICH	0.0227432963635814	6881.6296296296	1	0.145460819194391
ENSG00000181693	OR8H1	TCGA-KICH	0.0266826815145864	6881.74	1	0.156756832449593
ENSG00000115825	PRKD3	TCGA-KICH	0.0363640952970276	6881.8048780488	1	0.18127577680475
ENSG00000197951	ZNF71	TCGA-KICH	0.0258792164421956	6881.8545454545	1	0.154763125960329
ENSG00000186440	OR6P1	TCGA-KICH	0.0119980690420067	6882.6181818182	1	0.108325029953482
ENSG00000180008	SOCS4	TCGA-KICH	0.011959115692851	6882.8085106383	1	0.108325029953482
ENSG00000113356	POLR3G	TCGA-KICH	0.042076512162189	6883.2045454545	1	0.192255447154766
ENSG00000156172	C8orf37	TCGA-KICH	0.0136048677354957	6884.02	1	0.115342486386429
ENSG00000167862	ICT1	TCGA-KICH	0.0267201257234748	6884.5471698113	1	0.156824730709734
ENSG00000161265	U2AF1L4	TCGA-KICH	0.0125651485936351	6884.9183673469	1	0.110812051961696
ENSG00000185652	NTF3	TCGA-KICH	0.0107220882572483	6885.4	1	0.103380038193758
ENSG00000187231	SESTD1	TCGA-KICH	0.0235925473525607	6885.4655172414	1	0.148006274635689
ENSG00000204379	XAGE1A	TCGA-KICH	0.0274832664172504	6885.7346938776	1	0.158282958762171
ENSG00000036530	CYP46A1	TCGA-KICH	0.0365331083740954	6885.9285714286	1	0.181506697837246
ENSG00000160208	RRP1B	TCGA-KICH	0.0172906193465804	6886.46	1	0.128205479851552
ENSG00000173210	ABLIM3	TCGA-KICH	0.0285374974690748	6886.5576923077	1	0.160586093452998
ENSG00000215695	RSC1A1	TCGA-KICH	0.0195440611953932	6886.5740740741	1	0.134900578404496
ENSG00000148123	LPPR1	TCGA-KICH	0.0276502280715837	6887.976744186	1	0.158602579715764
ENSG00000239382	ALKBH6	TCGA-KICH	0.0238138996258483	6888.2083333333	1	0.148434348889538
ENSG00000144306	SCRN3	TCGA-KICH	0.00749576662886147	6888.5294117647	1	0.0864252718223301
ENSG00000131171	SH3BGRL	TCGA-KICH	0.0148888738452086	6888.5882352941	1	0.12024473758498
ENSG00000082212	ME2	TCGA-KICH	0.0172293838479175	6889.1153846154	1	0.128205479851552
ENSG00000094631	HDAC6	TCGA-KICH	0.0133064362450919	6889.2083333333	1	0.113836846402322
ENSG00000169758	C15orf27	TCGA-KICH	0.0215076219189299	6889.6603773585	1	0.142214931887557
ENSG00000182315	MBD3L3	TCGA-KICH	0.026027425954986	6889.6875	1	0.155270357193352
ENSG00000113924	HGD	TCGA-KICH	0.012712268181214	6889.7843137255	1	0.111493414524722
ENSG00000188895	MSL1	TCGA-KICH	0.0291756419096062	6889.9090909091	1	0.162521010498206
ENSG00000188486	H2AFX	TCGA-KICH	0.0405631371282665	6890.0612244898	1	0.188842628229415
ENSG00000075223	SEMA3C	TCGA-KICH	0.0282041878847936	6890.5	1	0.15992997138087
ENSG00000125447	GGA3	TCGA-KICH	0.0340087875813703	6890.6666666667	1	0.175418384581333
ENSG00000188389	PDCD1	TCGA-KICH	0.0126479453930128	6891.0181818182	1	0.111172802123545
ENSG00000134864	GGACT	TCGA-KICH	0.0236674875858057	6891.0208333333	1	0.148176236781344
ENSG00000113073	SLC4A9	TCGA-KICH	0.0181238731067208	6891.12	1	0.130224100842994
ENSG00000105664	COMP	TCGA-KICH	0.0167177025446762	6891.4772727273	1	0.12688815462227
ENSG00000204381	LAYN	TCGA-KICH	0.0195530144347678	6892.3928571429	1	0.134900578404496
ENSG00000184428	TOP1MT	TCGA-KICH	0.0103318907917659	6893	1	0.101185601956179
ENSG00000099814	CEP170B	TCGA-KICH	0.0291106140101504	6893.1960784314	1	0.162215199503326
ENSG00000173080	RXFP4	TCGA-KICH	0.00994950973103357	6893.306122449	1	0.0994798761306981
ENSG00000183486	MX2	TCGA-KICH	0.0275982456015556	6893.3125	1	0.15841788649065
ENSG00000174586	ZNF497	TCGA-KICH	0.0220172349703015	6893.7234042553	1	0.143422046239392
ENSG00000145808	ADAMTS19	TCGA-KICH	0.025199196467636	6893.8571428571	1	0.152782885412284
ENSG00000244509	APOBEC3C	TCGA-KICH	0.0378115473365419	6894.0294117647	1	0.184114299359902
ENSG00000164256	PRDM9	TCGA-KICH	0.00879275240157909	6894.2	1	0.0943806499405423
ENSG00000182378	PLCXD1	TCGA-KICH	0.0148105432227214	6894.3469387755	1	0.11990297933954
ENSG00000151062	CACNA2D4	TCGA-KICH	0.0258397340178268	6894.4347826087	1	0.154642503847345
ENSG00000131876	SNRPA1	TCGA-KICH	0.0415832007255008	6894.4651162791	1	0.19093635698377
ENSG00000213934	HBG1	TCGA-KICH	0.0212612442492143	6894.5192307692	1	0.140993302961146
ENSG00000162706	CADM3	TCGA-KICH	0.0124647226794988	6894.6271186441	1	0.110106196200868
ENSG00000254647	INS	TCGA-KICH	0.0440462778461889	6894.6904761905	1	0.195560602488902
ENSG00000179632	MAF1	TCGA-KICH	0.0394849570828405	6894.9183673469	1	0.187277546875335
ENSG00000177291	GJD4	TCGA-KICH	0.0156287875118649	6895.3125	1	0.123358813209718
ENSG00000142959	BEST4	TCGA-KICH	0.0165435815112654	6895.5454545455	1	0.126322685371337
ENSG00000173559	NABP1	TCGA-KICH	0.0437101341794254	6895.829787234	1	0.195154947682431
ENSG00000157778	PSMG3	TCGA-KICH	0.0253045314224873	6895.8333333333	1	0.153040812209643
ENSG00000185158	LRRC37B	TCGA-KICH	0.0146955909101669	6895.9245283019	1	0.119345785206046
ENSG00000105647	PIK3R2	TCGA-KICH	0.0304635375996918	6896.0188679245	1	0.166213931071656
ENSG00000154764	WNT7A	TCGA-KICH	0.0138909503814899	6896.3529411765	1	0.116277422865424
ENSG00000162585	C1orf86	TCGA-KICH	0.0141253581888771	6896.5517241379	1	0.117332785993188
ENSG00000177156	TALDO1	TCGA-KICH	0.0237283559793564	6896.6086956522	1	0.148213455597018
ENSG00000280433	FP565260.6	TCGA-KICH	0.019638235512587	6896.7037037037	1	0.135251271900043
ENSG00000105669	COPE	TCGA-KICH	0.0145547909910377	6897.88	1	0.118665889163355
ENSG00000196396	PTPN1	TCGA-KICH	0.0221306012520601	6897.9433962264	1	0.143721441488538
ENSG00000163586	FABP1	TCGA-KICH	0.0393354299712986	6898.652173913	1	0.186956969784123
ENSG00000197935	ZNF311	TCGA-KICH	0.00946941991848884	6899.0930232558	1	0.0975258906717677
ENSG00000066044	ELAVL1	TCGA-KICH	0.0351978932195249	6899.847826087	1	0.178685044495771
ENSG00000158258	CLSTN2	TCGA-KICH	0.0309690279323486	6900.3023255814	1	0.16716420822482
ENSG00000170310	STX8	TCGA-KICH	0.0190668722945083	6900.972972973	1	0.133108798734489
ENSG00000105696	TMEM59L	TCGA-KICH	0.0270349289912803	6901.3541666667	1	0.157275334657153
ENSG00000183044	ABAT	TCGA-KICH	0.0119459286759995	6901.5892857143	1	0.108325029953482
ENSG00000110700	RPS13	TCGA-KICH	0.0336015401606749	6901.7826086957	1	0.174264464272412
ENSG00000061794	MRPS35	TCGA-KICH	0.0119992883632518	6901.9615384615	1	0.108325029953482
ENSG00000168703	WFDC12	TCGA-KICH	0.0101813145358237	6901.9811320755	1	0.100418170124928
ENSG00000176782	DEFB104A	TCGA-KICH	0.0238253100823169	6902	1	0.148434348889538
ENSG00000152382	TADA1	TCGA-KICH	0.0196444385550965	6902.25	1	0.135251271900043
ENSG00000213402	PTPRCAP	TCGA-KICH	0.0423743687530751	6902.3265306122	1	0.192789296576751
ENSG00000141552	ANAPC11	TCGA-KICH	0.0179938687130132	6902.4565217391	1	0.130041429349687
ENSG00000196639	HRH1	TCGA-KICH	0.0122221309318139	6903.1458333333	1	0.109152006763204
ENSG00000125533	BHLHE23	TCGA-KICH	0.0383411695812408	6903.4	1	0.184928933632992
ENSG00000182450	KCNK4	TCGA-KICH	0.0151013490811599	6903.625	1	0.121045097865253
ENSG00000116497	S100PBP	TCGA-KICH	0.0227714857797453	6904.12	1	0.145582971961126
ENSG00000269964	MEI4	TCGA-KICH	0.0238330921258666	6904.3777777778	1	0.148434348889538
ENSG00000198001	IRAK4	TCGA-KICH	0.00652460690724621	6904.8958333333	1	0.0811270028102081
ENSG00000185028	LRRC14B	TCGA-KICH	0.0451829544785995	6904.9736842105	1	0.197375041611498
ENSG00000134201	GSTM5	TCGA-KICH	0.0296398946230454	6905.3396226415	1	0.163758032766562
ENSG00000215012	C22orf29	TCGA-KICH	0.0174080862446669	6905.3773584906	1	0.128238501015796
ENSG00000122484	RPAP2	TCGA-KICH	0.0356459312897486	6905.6363636364	1	0.17982651357994
ENSG00000173262	SLC2A14	TCGA-KICH	0.0176297347647188	6905.6458333333	1	0.129028190440751
ENSG00000132313	MRPL35	TCGA-KICH	0.0121911036218267	6905.7254901961	1	0.109152006763204
ENSG00000105254	TBCB	TCGA-KICH	0.0231646908305128	6906.1481481481	1	0.146865607145947
ENSG00000205436	EXOC3L4	TCGA-KICH	0.0192354629815021	6906.4347826087	1	0.133820998978609
ENSG00000130340	SNX9	TCGA-KICH	0.0168265126406348	6907.0444444444	1	0.127297440768046
ENSG00000053702	NRIP2	TCGA-KICH	0.0348070084707383	6907.1020408163	1	0.177809423044087
ENSG00000188243	COMMD6	TCGA-KICH	0.00535281320192642	6907.568627451	1	0.0747685946709866
ENSG00000164983	TMEM65	TCGA-KICH	0.0139878578553111	6907.7843137255	1	0.116674762267087
ENSG00000130538	OR11H1	TCGA-KICH	0.0283103370674367	6907.8139534884	1	0.160080683822
ENSG00000260903	XKR7	TCGA-KICH	0.0239159822108768	6907.8301886792	1	0.148743477711531
ENSG00000108468	CBX1	TCGA-KICH	0.00999013683109201	6907.9803921569	1	0.0994999442735134
ENSG00000134775	FHOD3	TCGA-KICH	0.0183253827818753	6908	1	0.130648642057319
ENSG00000100504	PYGL	TCGA-KICH	0.0320388892599863	6908.2195121951	1	0.169789150065745
ENSG00000203786	KPRP	TCGA-KICH	0.0277471944695644	6908.2391304348	1	0.158897023289606
ENSG00000197019	SERTAD1	TCGA-KICH	0.0132882446783422	6908.25	1	0.113741976763041
ENSG00000159720	ATP6V0D1	TCGA-KICH	0.0140795134353139	6908.462962963	1	0.117058288691193
ENSG00000157150	TIMP4	TCGA-KICH	0.0218877348713011	6909.152173913	1	0.143354377229193
ENSG00000007402	CACNA2D2	TCGA-KICH	0.0325577817323688	6911.0392156863	1	0.171166626583767
ENSG00000177830	CHID1	TCGA-KICH	0.0369068041219758	6911.1714285714	1	0.182201747229791
ENSG00000169925	BRD3	TCGA-KICH	0.0329290232688867	6912.0638297872	1	0.172283014587135
ENSG00000187987	ZSCAN23	TCGA-KICH	0.017697714837823	6912.5510204082	1	0.12923418211026
ENSG00000054793	ATP9A	TCGA-KICH	0.0306213946722674	6912.8260869565	1	0.166483677248116
ENSG00000144063	MALL	TCGA-KICH	0.0401305919551689	6912.8780487805	1	0.188277203255525
ENSG00000112116	IL17F	TCGA-KICH	0.0176361354277117	6913.0888888889	1	0.129028190440751
ENSG00000100721	TCL1A	TCGA-KICH	0.027026065145374	6913.3272727273	1	0.157275334657153
ENSG00000119973	PRLHR	TCGA-KICH	0.0258495052558338	6914.1136363636	1	0.154643192630623
ENSG00000180475	OR10Q1	TCGA-KICH	0.0418803661980937	6914.5609756098	1	0.191687357720055
ENSG00000212124	TAS2R19	TCGA-KICH	0.0427644068267467	6914.612244898	1	0.193630753556785
ENSG00000175718	RBMXL3	TCGA-KICH	0.0310795931404345	6914.9555555556	1	0.167251237951632
ENSG00000163468	CCT3	TCGA-KICH	0.0233630150557689	6915.1578947368	1	0.14753891408444
ENSG00000161791	FMNL3	TCGA-KICH	0.03830564763544	6915.5348837209	1	0.184928933632992
ENSG00000177058	SLC38A9	TCGA-KICH	0.0278415281101865	6915.652173913	1	0.158897023289606
ENSG00000075673	ATP12A	TCGA-KICH	0.00893895858230065	6916.6	1	0.0951193968456533
ENSG00000103257	SLC7A5	TCGA-KICH	0.0325337040059467	6916.7647058824	1	0.171166626583767
ENSG00000110811	LEPREL2	TCGA-KICH	0.00615511984436501	6917.1428571429	1	0.0796237837701984
ENSG00000074266	EED	TCGA-KICH	0.002087981448883	6917.4827586207	1	0.0461248408883301
ENSG00000213420	GPC2	TCGA-KICH	0.00892751021245222	6917.6379310345	1	0.0950625505667702
ENSG00000035664	DAPK2	TCGA-KICH	0.000973599176585748	6917.8421052632	1	0.0333166470363691
ENSG00000166828	SCNN1G	TCGA-KICH	0.0136987230029834	6918.2888888889	1	0.115770474349751
ENSG00000080709	KCNN2	TCGA-KICH	0.011391388161342	6918.6842105263	1	0.105881068719612
ENSG00000142235	LMTK3	TCGA-KICH	0.0317280816661337	6919.6279069767	1	0.168904056212529
ENSG00000181788	SIAH2	TCGA-KICH	0.00747943307789099	6920.3333333333	1	0.086409604215468
ENSG00000248098	BCKDHA	TCGA-KICH	0.0176307760361525	6920.5434782609	1	0.129028190440751
ENSG00000146094	DOK3	TCGA-KICH	0.0202127719556419	6920.6458333333	1	0.137513824498558
ENSG00000175087	PDIK1L	TCGA-KICH	0.0243489647944954	6920.6538461538	1	0.149807403451342
ENSG00000128298	BAIAP2L2	TCGA-KICH	0.0262854364025518	6920.8846153846	1	0.155781822612368
ENSG00000183281	PLGLB1	TCGA-KICH	0.0259332785740723	6921.1132075472	1	0.154970692673048
ENSG00000169727	GPS1	TCGA-KICH	0.00356465007754547	6921.3548387097	1	0.0617868428902385
ENSG00000128655	PDE11A	TCGA-KICH	0.0149367167469206	6921.6097560976	1	0.120448901662605
ENSG00000111731	C2CD5	TCGA-KICH	0.00690993023798526	6921.9803921569	1	0.0836451494794664
ENSG00000123576	ESX1	TCGA-KICH	0.0329546526866673	6923.1627906977	1	0.172304881587662
ENSG00000123219	CENPK	TCGA-KICH	0.0349949357051074	6923.3829787234	1	0.178261815669698
ENSG00000183751	TBL3	TCGA-KICH	0.0103365372963041	6923.914893617	1	0.101185601956179
ENSG00000157734	SNX22	TCGA-KICH	0.0162771359154112	6924.0925925926	1	0.125386402927037
ENSG00000106780	MEGF9	TCGA-KICH	0.00649649894460358	6924.8409090909	1	0.0810338952342808
ENSG00000070915	SLC12A3	TCGA-KICH	0.022908537764536	6925.3111111111	1	0.145987504481072
ENSG00000168096	ANKS3	TCGA-KICH	0.0365599118313918	6925.3125	1	0.181506697837246
ENSG00000176438	SYNE3	TCGA-KICH	0.0227342050929488	6925.4038461538	1	0.145460764907541
ENSG00000158158	CNNM4	TCGA-KICH	0.0226420574125489	6925.6382978723	1	0.145452286186109
ENSG00000105135	ILVBL	TCGA-KICH	0.0183465673257912	6926.4545454545	1	0.130702969627467
ENSG00000204179	PTPN20A	TCGA-KICH	0.00941082435439636	6926.7916666667	1	0.0972978386285718
ENSG00000105229	PIAS4	TCGA-KICH	0.0150906614641768	6927.0392156863	1	0.121020001676911
ENSG00000104613	INTS10	TCGA-KICH	0.0202329414943164	6927.1136363636	1	0.137592593643939
ENSG00000260238	PMF1-BGLAP	TCGA-KICH	0.0459672568589777	6927.15	1	0.199035483229805
ENSG00000175520	UBQLN3	TCGA-KICH	0.0364430530280219	6927.2127659574	1	0.181422286056503
ENSG00000159958	TNFRSF13C	TCGA-KICH	0.0155591621847661	6927.4150943396	1	0.122930430384326
ENSG00000090565	RAB11FIP3	TCGA-KICH	0.00927946406528765	6927.4285714286	1	0.0968605842219196
ENSG00000186479	RGS7BP	TCGA-KICH	0.026055028822738	6927.6363636364	1	0.15529262619879
ENSG00000117543	DPH5	TCGA-KICH	0.0266709143688557	6928.2264150943	1	0.156746676556779
ENSG00000187626	ZKSCAN4	TCGA-KICH	0.0128988768120466	6928.5531914894	1	0.112351554573146
ENSG00000181481	RNF135	TCGA-KICH	0.0181482051890966	6928.6964285714	1	0.130224100842994
ENSG00000168883	USP39	TCGA-KICH	0.00936880409541686	6928.7407407407	1	0.0971770709767494
ENSG00000022355	GABRA1	TCGA-KICH	0.0166126734022548	6928.9318181818	1	0.12647716490224
ENSG00000161980	POLR3K	TCGA-KICH	0.0255604659257547	6929.2916666667	1	0.153891301428933
ENSG00000138166	DUSP5	TCGA-KICH	0.0151909060505923	6929.2931034483	1	0.121519660539578
ENSG00000069764	PLA2G10	TCGA-KICH	0.011792071789418	6929.5740740741	1	0.107516589992692
ENSG00000099797	TECR	TCGA-KICH	0.0278490286632846	6929.72	1	0.158897023289606
ENSG00000135778	NTPCR	TCGA-KICH	0.0199282254133635	6930	1	0.136504623038074
ENSG00000136867	SLC31A2	TCGA-KICH	0.0256114912830823	6930.1224489796	1	0.153966979316277
ENSG00000065882	TBC1D1	TCGA-KICH	0.0167799948716108	6930.6046511628	1	0.127119970609672
ENSG00000153956	CACNA2D1	TCGA-KICH	0.0117586690675909	6930.6888888889	1	0.107485779176637
ENSG00000114204	SERPINI2	TCGA-KICH	0.0119225752779522	6930.8490566038	1	0.108325029953482
ENSG00000198890	PRMT6	TCGA-KICH	0.00604819458243251	6931.1951219512	1	0.0789531297579498
ENSG00000069966	GNB5	TCGA-KICH	0.00887427961842475	6931.2549019608	1	0.0948780872559194
ENSG00000113749	HRH2	TCGA-KICH	0.0190856761439382	6931.3	1	0.133125916134656
ENSG00000105697	HAMP	TCGA-KICH	0.0424202767332185	6931.9090909091	1	0.192789296576751
ENSG00000067596	DHX8	TCGA-KICH	0.0374043201880043	6931.9189189189	1	0.183563273784998
ENSG00000161664	ASB16	TCGA-KICH	0.0137633681666833	6932.1428571429	1	0.116010705889175
ENSG00000171428	NAT1	TCGA-KICH	0.0363315789480885	6932.26	1	0.18127577680475
ENSG00000243749	ZMYM6NB	TCGA-KICH	0.0110308212996615	6932.3555555556	1	0.104655570565212
ENSG00000242372	EIF6	TCGA-KICH	0.0195130885738169	6932.4727272727	1	0.134757271888606
ENSG00000196449	YRDC	TCGA-KICH	0.0111318329919899	6932.5306122449	1	0.104989914258443
ENSG00000152214	RIT2	TCGA-KICH	0.00712852199838553	6934.6730769231	1	0.0850695080507781
ENSG00000152969	JAKMIP1	TCGA-KICH	0.0283155335654849	6935.325	1	0.160080683822
ENSG00000179889	PDXDC1	TCGA-KICH	0.018148523947275	6936.1111111111	1	0.130224100842994
ENSG00000143761	ARF1	TCGA-KICH	0.0174605097776724	6936.1666666667	1	0.128270671600653
ENSG00000101347	SAMHD1	TCGA-KICH	0.0104173095198245	6936.1960784314	1	0.101480055936733
ENSG00000205413	SAMD9	TCGA-KICH	0.014385177920536	6936.2222222222	1	0.1182035014866
ENSG00000164897	TMUB1	TCGA-KICH	0.0445647807966011	6936.4473684211	1	0.196101642865696
ENSG00000134882	UBAC2	TCGA-KICH	0.0245193534714322	6936.4897959184	1	0.150566505308661
ENSG00000171502	COL24A1	TCGA-KICH	0.0159431441934307	6936.7678571429	1	0.12430840032025
ENSG00000115129	TP53I3	TCGA-KICH	0.0256643486417708	6936.9607843137	1	0.15416899606075
ENSG00000110848	CD69	TCGA-KICH	0.026629613954579	6937.5192307692	1	0.156625228133712
ENSG00000197953	AADACL2	TCGA-KICH	0.0324966154997588	6938.6222222222	1	0.171166626583767
ENSG00000184584	TMEM173	TCGA-KICH	0.0312659665506348	6938.6595744681	1	0.167859354444658
ENSG00000175866	BAIAP2	TCGA-KICH	0.014140288566231	6938.7592592593	1	0.117338168716951
ENSG00000182196	ARL6IP4	TCGA-KICH	0.025727423244383	6938.9375	1	0.154258586019766
ENSG00000112294	ALDH5A1	TCGA-KICH	0.00894472754602272	6938.94	1	0.0951193968456533
ENSG00000242515	UGT1A10	TCGA-KICH	0.0204332563334048	6939.9795918367	1	0.138052254096751
ENSG00000198774	RASSF9	TCGA-KICH	0.00470400433628854	6940.5818181818	1	0.0702748409008032
ENSG00000189181	OR14I1	TCGA-KICH	0.0198435814533693	6940.8333333333	1	0.136286171974064
ENSG00000186205	MARC1	TCGA-KICH	0.016174005387167	6941.78	1	0.125059404955994
ENSG00000165566	AMER2	TCGA-KICH	0.025503214277593	6942.0697674419	1	0.153734014501343
ENSG00000013725	CD6	TCGA-KICH	0.00413533986584739	6943.0816326531	1	0.0657670982637
ENSG00000103047	TANGO6	TCGA-KICH	0.0323460829704498	6943.62	1	0.17085175421232
ENSG00000160145	KALRN	TCGA-KICH	0.0169667576205085	6944.0212765957	1	0.127629226534732
ENSG00000156508	EEF1A1	TCGA-KICH	0.0395186761721047	6944.2	1	0.187301449806527
ENSG00000174938	SEZ6L2	TCGA-KICH	0.00996421726538236	6944.2833333333	1	0.0994798761306981
ENSG00000177151	OR2T35	TCGA-KICH	0.014402049462403	6944.5192307692	1	0.118220821189331
ENSG00000167721	TSR1	TCGA-KICH	0.0165548181528761	6944.7872340426	1	0.126322685371337
ENSG00000132423	COQ3	TCGA-KICH	0.00590429399882984	6945.08	1	0.0781429403622563
ENSG00000165973	NELL1	TCGA-KICH	0.0237734700646151	6945.3695652174	1	0.148433576251388
ENSG00000144524	COPS7B	TCGA-KICH	0.0255895570195489	6945.4102564103	1	0.153896542191901
ENSG00000160991	ORAI2	TCGA-KICH	0.00397169010290064	6945.6	1	0.0642489357674648
ENSG00000175591	P2RY2	TCGA-KICH	0.0274431385932723	6945.6923076923	1	0.158282958762171
ENSG00000163286	ALPPL2	TCGA-KICH	0.00987276833596248	6945.7346938776	1	0.0991678888062913
ENSG00000134759	ELP2	TCGA-KICH	0.00601415126555791	6945.8372093023	1	0.0787505769667845
ENSG00000165702	GFI1B	TCGA-KICH	0.0266360531346032	6946.06	1	0.156625228133712
ENSG00000221954	OR4C12	TCGA-KICH	0.0447527485737687	6946.0697674419	1	0.196521872335867
ENSG00000168748	CA7	TCGA-KICH	0.0189317262538483	6946.0943396226	1	0.132724476550356
ENSG00000177733	HNRNPA0	TCGA-KICH	0.00989503524555818	6946.1333333333	1	0.0992476239247607
ENSG00000118482	PHF3	TCGA-KICH	0.012037880046964	6946.3958333333	1	0.108533222848791
ENSG00000181433	SAGE1	TCGA-KICH	0.0236474647789739	6946.5102040816	1	0.148166724739932
ENSG00000184992	BRI3BP	TCGA-KICH	0.00605688813551066	6946.76	1	0.0789910940473968
ENSG00000122223	CD244	TCGA-KICH	0.0182815208994944	6947.4680851064	1	0.130588116505532
ENSG00000135205	CCDC146	TCGA-KICH	0.0219871858956586	6948.0238095238	1	0.143422046239392
ENSG00000134070	IRAK2	TCGA-KICH	0.0119506538963926	6948.1454545455	1	0.108325029953482
ENSG00000198668	CALM1	TCGA-KICH	0.0128426241464438	6948.9803921569	1	0.112295036180454
ENSG00000173011	TADA2B	TCGA-KICH	0.0174522894592649	6949.2075471698	1	0.128270671600653
ENSG00000131944	C19orf40	TCGA-KICH	0.00944782740078888	6949.64	1	0.0974814773982511
ENSG00000125901	MRPS26	TCGA-KICH	0.0185650265953999	6950	1	0.131440716589447
ENSG00000179041	RRS1	TCGA-KICH	0.0303495856034276	6950.3902439024	1	0.16610108042582
ENSG00000134709	HOOK1	TCGA-KICH	0.0150010411430599	6951.0408163265	1	0.120724459249299
ENSG00000257411	RP11-603J24.9	TCGA-KICH	0.0423368734496465	6951.125	1	0.192730252500309
ENSG00000135090	TAOK3	TCGA-KICH	0.0279600470361328	6951.2727272727	1	0.159182422070269
ENSG00000133884	DPF2	TCGA-KICH	0.0240199107797479	6951.7619047619	1	0.148984845521946
ENSG00000196172	ZNF681	TCGA-KICH	0.0136314997292227	6951.9285714286	1	0.115385025456396
ENSG00000136243	NUPL2	TCGA-KICH	0.0181492471483961	6952.0408163265	1	0.130224100842994
ENSG00000119723	COQ6	TCGA-KICH	0.0229168021395825	6952.0465116279	1	0.145987504481072
ENSG00000173456	RNF26	TCGA-KICH	0.0198621245949088	6952.3191489362	1	0.136286171974064
ENSG00000141556	TBCD	TCGA-KICH	0.0186079334379843	6952.3396226415	1	0.131686281046981
ENSG00000155506	LARP1	TCGA-KICH	0.0117423452016615	6952.7307692308	1	0.107459233374063
ENSG00000073849	ST6GAL1	TCGA-KICH	0.0158841440178395	6953.0465116279	1	0.124094299391558
ENSG00000167332	OR51E2	TCGA-KICH	0.0274711201926841	6953.1063829787	1	0.158282958762171
ENSG00000094796	KRT31	TCGA-KICH	0.0112612353742997	6954	1	0.10517548930838
ENSG00000102384	CENPI	TCGA-KICH	0.00714986978223363	6954.2727272727	1	0.0850707017551795
ENSG00000020181	GPR124	TCGA-KICH	0.0145313059610575	6954.5625	1	0.118665889163355
ENSG00000156234	CXCL13	TCGA-KICH	0.0184124823003246	6954.6226415094	1	0.130823382448846
ENSG00000143369	ECM1	TCGA-KICH	0.00375590003042477	6954.7254901961	1	0.0627223555654356
ENSG00000186113	OR5D14	TCGA-KICH	0.0205883253607804	6955.05	1	0.138713517312957
ENSG00000165487	MICU2	TCGA-KICH	0.0277902258350302	6955.0909090909	1	0.158897023289606
ENSG00000053371	AKR7A2	TCGA-KICH	0.0223664530626656	6955.5348837209	1	0.14437676170842
ENSG00000114942	EEF1B2	TCGA-KICH	0.0158808254704476	6956	1	0.124094299391558
ENSG00000198049	AVPR1B	TCGA-KICH	0.0310138071665625	6956.25	1	0.167188987597434
ENSG00000134262	AP4B1	TCGA-KICH	0.0169577726016469	6956.6666666667	1	0.127621582807977
ENSG00000187764	SEMA4D	TCGA-KICH	0.0246922243794274	6956.875	1	0.150922489312983
ENSG00000133142	TCEAL4	TCGA-KICH	0.0349727076774346	6957	1	0.178261815669698
ENSG00000169926	KLF13	TCGA-KICH	0.0165066910696457	6957	1	0.126199424146701
ENSG00000154134	ROBO3	TCGA-KICH	0.0187202719677969	6957.6923076923	1	0.131956494526526
ENSG00000171246	NPTX1	TCGA-KICH	0.0275250975889987	6957.9555555556	1	0.158282958762171
ENSG00000160191	PDE9A	TCGA-KICH	0.0378043572691347	6957.9782608696	1	0.184114299359902
ENSG00000198892	SHISA4	TCGA-KICH	0.0202945570583947	6958.5454545455	1	0.13771920817381
ENSG00000157349	DDX19B	TCGA-KICH	0.0286228804385763	6959.46	1	0.160840501832912
ENSG00000110448	CD5	TCGA-KICH	0.0163182984770337	6959.6923076923	1	0.125522358362005
ENSG00000172005	MAL	TCGA-KICH	0.011620909500083	6959.7413793103	1	0.106716084301012
ENSG00000067225	PKM	TCGA-KICH	0.0160491100578414	6960.2142857143	1	0.1247609662066
ENSG00000196862	RGPD4	TCGA-KICH	0.0119940680938088	6960.3181818182	1	0.108325029953482
ENSG00000129460	NGDN	TCGA-KICH	0.0150802608614054	6960.4680851064	1	0.120997183214132
ENSG00000168509	HFE2	TCGA-KICH	0.021497237388514	6960.5777777778	1	0.142204980081393
ENSG00000128594	LRRC4	TCGA-KICH	0.0168795064859822	6961.5192307692	1	0.127451813471478
ENSG00000168661	ZNF30	TCGA-KICH	0.0165303052273957	6961.9787234043	1	0.126303835027071
ENSG00000156787	TBC1D31	TCGA-KICH	0.0163278001780492	6962.9423076923	1	0.125535151152884
ENSG00000134910	STT3A	TCGA-KICH	0.0193525640139359	6964.4444444444	1	0.134148998205857
ENSG00000099365	STX1B	TCGA-KICH	0.0254295497283581	6964.7380952381	1	0.153507063286715
ENSG00000154553	PDLIM3	TCGA-KICH	0.00923024648933066	6965.6851851852	1	0.0965557215445802
ENSG00000196812	ZSCAN16	TCGA-KICH	0.00743923109830941	6966.6071428571	1	0.0863381213182702
ENSG00000106772	PRUNE2	TCGA-KICH	0.0289015977989378	6966.8	1	0.1615000309665
ENSG00000162063	CCNF	TCGA-KICH	0.00803804573718937	6967.1041666667	1	0.0893698127899275
ENSG00000086232	EIF2AK1	TCGA-KICH	0.0314327373656286	6967.4285714286	1	0.168245983561364
ENSG00000236980	C3orf84	TCGA-KICH	0.0225727778778193	6967.7291666667	1	0.145181942856737
ENSG00000159674	SPON2	TCGA-KICH	0.013934359639703	6967.8103448276	1	0.116410417125636
ENSG00000100949	RABGGTA	TCGA-KICH	0.0123280382579516	6968.0697674419	1	0.109376148196902
ENSG00000133983	COX16	TCGA-KICH	0.0206500960537032	6968.1538461538	1	0.138857590224821
ENSG00000101624	CEP76	TCGA-KICH	0.0358301155490584	6968.6222222222	1	0.180219629559727
ENSG00000155962	CLIC2	TCGA-KICH	0.0192838719522065	6969.4634146341	1	0.133899731781145
ENSG00000140506	LMAN1L	TCGA-KICH	0.0180862393904705	6969.5777777778	1	0.130224100842994
ENSG00000133878	DUSP26	TCGA-KICH	0.0213071767353594	6969.5869565217	1	0.141180982795524
ENSG00000232112	TMA7	TCGA-KICH	0.00716972733418969	6969.8166666667	1	0.0852381748322292
ENSG00000124875	CXCL6	TCGA-KICH	0.0431486424749206	6970	1	0.194261502804994
ENSG00000115850	LCT	TCGA-KICH	0.02984418845937	6971	1	0.164358555081434
ENSG00000171722	C1orf111	TCGA-KICH	0.0164300421302958	6971.2083333333	1	0.125837936258579
ENSG00000015133	CCDC88C	TCGA-KICH	0.0134567233989258	6971.2244897959	1	0.11438929152537
ENSG00000111817	DSE	TCGA-KICH	0.00803014874383313	6971.7959183673	1	0.0893698127899275
ENSG00000132746	ALDH3B2	TCGA-KICH	0.0101768566802465	6972.1666666667	1	0.100418170124928
ENSG00000172409	CLP1	TCGA-KICH	0.0195018279849792	6972.5510204082	1	0.134737607929008
ENSG00000182968	SOX1	TCGA-KICH	0.0368662891760805	6972.6363636364	1	0.18212492474153
ENSG00000147155	EBP	TCGA-KICH	0.00512948719641514	6972.7857142857	1	0.0732163435388489
ENSG00000273173	SNURF	TCGA-KICH	0.0151219899816868	6972.9130434783	1	0.121149909733224
ENSG00000125356	NDUFA1	TCGA-KICH	0.00426777373540955	6972.9387755102	1	0.0666163707335126
ENSG00000109270	LAMTOR3	TCGA-KICH	0.00519778601744313	6973.26	1	0.0737965807352409
ENSG00000197375	SLC22A5	TCGA-KICH	0.0137356192415721	6973.4375	1	0.116010705889175
ENSG00000250722	SEPP1	TCGA-KICH	0.0305309005862365	6973.4666666667	1	0.166253782009037
ENSG00000100038	TOP3B	TCGA-KICH	0.00757653393753633	6973.5094339623	1	0.0867941280469559
ENSG00000172421	EFCAB3	TCGA-KICH	0.0169872808320252	6973.65	1	0.127723616208866
ENSG00000007080	CCDC124	TCGA-KICH	0.0262259333582933	6974.387755102	1	0.15559736154794
ENSG00000177370	TIMM22	TCGA-KICH	0.0337652023474888	6974.4210526316	1	0.174777091083228
ENSG00000082641	NFE2L1	TCGA-KICH	0.0139789176940714	6974.5714285714	1	0.116660951990909
ENSG00000162782	TDRD5	TCGA-KICH	0.013841806038757	6974.5869565217	1	0.116277422865424
ENSG00000162645	GBP2	TCGA-KICH	0.0111686732899973	6974.7083333333	1	0.104989914258443
ENSG00000198142	SOWAHC	TCGA-KICH	0.0118416907546246	6975.2264150943	1	0.107805019267262
ENSG00000062038	CDH3	TCGA-KICH	0.00959532003026467	6975.9411764706	1	0.098253868468471
ENSG00000119227	PIGZ	TCGA-KICH	0.0133483000665114	6976.4423076923	1	0.114069020939102
ENSG00000226372	DCAF8L1	TCGA-KICH	0.0322222918409607	6977.1428571429	1	0.170422722534011
ENSG00000124302	CHST8	TCGA-KICH	0.0264118641907655	6977.4375	1	0.156062526600776
ENSG00000121101	TEX14	TCGA-KICH	0.0157559567101978	6977.875	1	0.123813369339459
ENSG00000187796	CARD9	TCGA-KICH	0.0261009246700028	6978	1	0.155392679773269
ENSG00000156411	C14orf2	TCGA-KICH	0.0143446823644357	6978.4545454545	1	0.118195553307763
ENSG00000134363	FST	TCGA-KICH	0.0184923311811846	6979.6	1	0.131216702116248
ENSG00000167359	OR51I1	TCGA-KICH	0.0205078819477115	6979.9454545455	1	0.138330906225397
ENSG00000117592	PRDX6	TCGA-KICH	0.00710997377883932	6980.431372549	1	0.085021233809312
ENSG00000134755	DSC2	TCGA-KICH	0.0402199808524822	6980.4390243902	1	0.188395142834894
ENSG00000116030	SUMO1	TCGA-KICH	0.00544391030339037	6980.6	1	0.0754841761980925
ENSG00000102054	RBBP7	TCGA-KICH	0.0076533909424883	6980.7708333333	1	0.0872739989435388
ENSG00000141255	SPATA22	TCGA-KICH	0.00475844883983689	6980.8039215686	1	0.0704226936845096
ENSG00000119508	NR4A3	TCGA-KICH	0.0282458505563678	6981.3488372093	1	0.160013193017414
ENSG00000112238	PRDM13	TCGA-KICH	0.012955887521315	6981.7551020408	1	0.112351554573146
ENSG00000087152	ATXN7L3	TCGA-KICH	0.0191522072344693	6981.8431372549	1	0.133531823622127
ENSG00000168124	OR1F1	TCGA-KICH	0.0269038501206671	6982.2558139535	1	0.157275334657153
ENSG00000081386	ZNF510	TCGA-KICH	0.0112286137652542	6982.350877193	1	0.10517548930838
ENSG00000133111	RFXAP	TCGA-KICH	0.0270721298465035	6982.8913043478	1	0.157275334657153
ENSG00000153066	TXNDC11	TCGA-KICH	0.0412065577887795	6983.15	1	0.190234368113953
ENSG00000136381	IREB2	TCGA-KICH	0.00553846979483175	6983.3673469388	1	0.0761808163551444
ENSG00000117751	PPP1R8	TCGA-KICH	0.00907495588704501	6983.3846153846	1	0.0957852419919187
ENSG00000111602	TIMELESS	TCGA-KICH	0.0238241837669158	6983.6538461538	1	0.148434348889538
ENSG00000187003	ACTL7A	TCGA-KICH	0.00759144511908394	6983.7924528302	1	0.0868947117861493
ENSG00000004766	CCDC132	TCGA-KICH	0.0158456280907228	6984.0697674419	1	0.124094299391558
ENSG00000122707	RECK	TCGA-KICH	0.00561424416394158	6984.0784313725	1	0.0763135540338939
ENSG00000102738	MRPS31	TCGA-KICH	0.0069918389767941	6984.1346153846	1	0.0843179979016246
ENSG00000204524	ZNF805	TCGA-KICH	0.00987653965944644	6984.16	1	0.0991678888062913
ENSG00000185215	TNFAIP2	TCGA-KICH	0.0194907245227992	6984.9565217391	1	0.134719013048178
ENSG00000188647	PTAR1	TCGA-KICH	0.0136206672732758	6985.2941176471	1	0.115354302687209
ENSG00000173915	USMG5	TCGA-KICH	0.012610468928675	6985.3617021277	1	0.111026201150484
ENSG00000116171	SCP2	TCGA-KICH	0.014902540422998	6985.5	1	0.120294448021327
ENSG00000162521	RBBP4	TCGA-KICH	0.00925907044145751	6986.2156862745	1	0.0967279929027671
ENSG00000226887	ERVMER34-1	TCGA-KICH	0.0171884610845401	6986.3469387755	1	0.128205479851552
ENSG00000146701	MDH2	TCGA-KICH	0.0233402627293579	6986.9777777778	1	0.147510688058314
ENSG00000158552	ZFAND2B	TCGA-KICH	0.0341920968242566	6986.9782608696	1	0.175903125808053
ENSG00000188283	ZNF383	TCGA-KICH	0.0172452330123793	6987.7959183673	1	0.128205479851552
ENSG00000109072	VTN	TCGA-KICH	0.00790673948911346	6988.5094339623	1	0.0888606546794049
ENSG00000198734	F5	TCGA-KICH	0.0295430680079835	6988.7592592593	1	0.163565695699675
ENSG00000004399	PLXND1	TCGA-KICH	0.00956442512387433	6989.3529411765	1	0.098125732452817
ENSG00000114841	DNAH1	TCGA-KICH	0.0116012218068249	6989.5576923077	1	0.106691225938886
ENSG00000088756	ARHGAP28	TCGA-KICH	0.00714172001343204	6989.6595744681	1	0.0850707017551795
ENSG00000138593	SECISBP2L	TCGA-KICH	0.0270091965851417	6990.2142857143	1	0.157275334657153
ENSG00000131381	ZFYVE20	TCGA-KICH	0.0129272032366882	6990.7457627119	1	0.112351554573146
ENSG00000197601	FAR1	TCGA-KICH	0.0106679771991258	6991.0681818182	1	0.103237613356555
ENSG00000090661	CERS4	TCGA-KICH	0.00442932383629703	6991.2037037037	1	0.0679075818618129
ENSG00000203697	CAPN8	TCGA-KICH	0.00546665908289052	6992.2115384615	1	0.0756170752599566
ENSG00000213949	ITGA1	TCGA-KICH	0.0171943373661702	6992.756097561	1	0.128205479851552
ENSG00000106025	TSPAN12	TCGA-KICH	0.0184924193990866	6993.4523809524	1	0.131216702116248
ENSG00000168280	KIF5C	TCGA-KICH	0.00561731070206591	6993.8148148148	1	0.0763135540338939
ENSG00000149547	EI24	TCGA-KICH	0.02077229128297	6993.9411764706	1	0.139191734266429
ENSG00000112319	EYA4	TCGA-KICH	0.0131484505750048	6994.6875	1	0.113150153658625
ENSG00000139505	MTMR6	TCGA-KICH	0.033334043709596	6994.7209302326	1	0.173382497567126
ENSG00000176125	UFSP1	TCGA-KICH	0.0102978928140602	6994.7636363636	1	0.10105465865043
ENSG00000257046	LST3	TCGA-KICH	0.0123422989641895	6995.4583333333	1	0.109376148196902
ENSG00000004838	ZMYND10	TCGA-KICH	0.0230547712314459	6995.4901960784	1	0.146471687922023
ENSG00000140265	ZSCAN29	TCGA-KICH	0.00859343914426557	6995.9019607843	1	0.092789152883597
ENSG00000221855	TAS2R41	TCGA-KICH	0.00327803690902511	6996.5192307692	1	0.0585648747400583
ENSG00000168594	ADAM29	TCGA-KICH	0.0038605292689608	6996.5925925926	1	0.0637039641014232
ENSG00000173198	CYSLTR1	TCGA-KICH	0.00166881591589408	6997.3137254902	1	0.0415058518857109
ENSG00000187605	TET3	TCGA-KICH	0.0152060897774118	6998.358490566	1	0.121580393302671
ENSG00000220205	VAMP2	TCGA-KICH	0.0121607920515918	7000.1739130435	1	0.109114727800251
ENSG00000171115	GIMAP8	TCGA-KICH	0.00404119062006048	7001.3703703704	1	0.0649795861247677
ENSG00000034152	MAP2K3	TCGA-KICH	0.00702803659584545	7001.6226415094	1	0.0845000045664151
ENSG00000166359	WDR88	TCGA-KICH	0.0108490641347593	7001.8269230769	1	0.104041182614629
ENSG00000184698	OR51M1	TCGA-KICH	0.0111763685857503	7002.2448979592	1	0.104989914258443
ENSG00000123146	CD97	TCGA-KICH	0.00600371661212688	7002.6	1	0.0787465368904275
ENSG00000122545	SEPTIN7	TCGA-KICH	0.0143067656843671	7003.0943396226	1	0.118043715834693
ENSG00000125787	GNRH2	TCGA-KICH	0.00675665731756881	7003.3387096774	1	0.0827592249075644
ENSG00000181240	SLC25A41	TCGA-KICH	0.0202760260477605	7003.9069767442	1	0.13771920817381
ENSG00000187033	SAMD7	TCGA-KICH	0.0196367026518812	7004.6304347826	1	0.135251271900043
ENSG00000005194	CIAPIN1	TCGA-KICH	0.0131809748172831	7004.7222222222	1	0.113296099461177
ENSG00000173726	TOMM20	TCGA-KICH	0.0123752469892468	7004.9782608696	1	0.109376148196902
ENSG00000183833	MAATS1	TCGA-KICH	0.0235501422545093	7005.0188679245	1	0.14796215308198
ENSG00000133195	SLC39A11	TCGA-KICH	0.0161458406332565	7005.0816326531	1	0.12494217956581
ENSG00000187180	LCE2C	TCGA-KICH	0.0135222288400388	7005.4230769231	1	0.11482422845876
ENSG00000101079	NDRG3	TCGA-KICH	0.0109711362997536	7005.575	1	0.104572691813922
ENSG00000244187	TMEM141	TCGA-KICH	0.0148240961031714	7005.88	1	0.11990297933954
ENSG00000100360	IFT27	TCGA-KICH	0.0106990737625716	7005.9795918367	1	0.103237613356555
ENSG00000130226	DPP6	TCGA-KICH	0.0143473091245888	7006.3409090909	1	0.118195553307763
ENSG00000205076	LGALS7	TCGA-KICH	0.0100908313526991	7006.5593220339	1	0.10006167606561
ENSG00000116459	ATP5F1	TCGA-KICH	0.0104355879986598	7007.14	1	0.101596317202758
ENSG00000179933	C14orf119	TCGA-KICH	0.0208398559473146	7007.1458333333	1	0.139362541357632
ENSG00000144681	STAC	TCGA-KICH	0.0262936600244657	7007.347826087	1	0.155781822612368
ENSG00000128626	MRPS12	TCGA-KICH	0.0234069200939927	7007.4615384615	1	0.147641522373097
ENSG00000143252	SDHC	TCGA-KICH	0.00794666644396317	7008.5217391304	1	0.0889349148148638
ENSG00000146143	PRIM2	TCGA-KICH	0.0118094526288524	7008.6590909091	1	0.107581560779904
ENSG00000113761	ZNF346	TCGA-KICH	0.0036677881726479	7009.4583333333	1	0.0622829666630826
ENSG00000155629	PIK3AP1	TCGA-KICH	0.00680453935032854	7010.1860465116	1	0.0829335598900393
ENSG00000005187	ACSM3	TCGA-KICH	0.0121084952434408	7010.4782608696	1	0.108881275308087
ENSG00000188011	CXXC11	TCGA-KICH	0.00659294027375791	7010.7924528302	1	0.0814415479469571
ENSG00000166337	TAF10	TCGA-KICH	0.00495821510291019	7010.8148148148	1	0.0716980938809638
ENSG00000189120	SP6	TCGA-KICH	0.0110648550740063	7011.4583333333	1	0.104739443651862
ENSG00000139410	SDSL	TCGA-KICH	0.0177606720810127	7012.2272727273	1	0.129357632281917
ENSG00000111907	TPD52L1	TCGA-KICH	0.00617243208529771	7012.5869565217	1	0.079783292853949
ENSG00000161013	MGAT4B	TCGA-KICH	0.00747856185970763	7012.82	1	0.086409604215468
ENSG00000124422	USP22	TCGA-KICH	0.0102979208815174	7012.9387755102	1	0.10105465865043
ENSG00000152402	GUCY1A2	TCGA-KICH	0.0221709119661512	7012.9761904762	1	0.143751884671219
ENSG00000129170	CSRP3	TCGA-KICH	0.01376324721283	7013.0212765957	1	0.116010705889175
ENSG00000139428	MMAB	TCGA-KICH	0.0090001831669279	7013.36	1	0.0953293210438824
ENSG00000169302	STK32A	TCGA-KICH	0.0154342799128054	7014.1176470588	1	0.122497792483032
ENSG00000102780	DGKH	TCGA-KICH	0.0196521829354605	7015.0196078431	1	0.135251271900043
ENSG00000149577	SIDT2	TCGA-KICH	0.00529321848392576	7015.1428571429	1	0.0743604333509395
ENSG00000099834	CDHR5	TCGA-KICH	0.00626832703667704	7015.5079365079	1	0.0800536343639416
ENSG00000003249	DBNDD1	TCGA-KICH	0.0110860489153845	7016.4222222222	1	0.104807009079034
ENSG00000138434	SSFA2	TCGA-KICH	0.0224025860587666	7017.5510204082	1	0.144445595733593
ENSG00000137731	FXYD2	TCGA-KICH	0.00410323289897955	7019.1724137931	1	0.0655167247030484
ENSG00000287080	H3C3	TCGA-KICH	0.0098598646640131	7019.4090909091	1	0.0991678888062913
ENSG00000169871	TRIM56	TCGA-KICH	0.0154011766240538	7019.4772727273	1	0.122497792483032
ENSG00000114786	ABHD14A-ACY1	TCGA-KICH	0.0171500826685714	7020.1041666667	1	0.128205479851552
ENSG00000163686	ABHD6	TCGA-KICH	0.00434895105784351	7020.2978723404	1	0.06733864324289
ENSG00000171189	GRIK1	TCGA-KICH	0.0381546244369062	7020.8285714286	1	0.18481137415527
ENSG00000188766	SPRED3	TCGA-KICH	0.0034596192079175	7021.2040816327	1	0.0607257396583021
ENSG00000167286	CD3D	TCGA-KICH	0.00539038854674355	7021.9803921569	1	0.0750407145211207
ENSG00000087206	UIMC1	TCGA-KICH	0.0122880172238479	7023.0625	1	0.109376148196902
ENSG00000126461	SCAF1	TCGA-KICH	0.0114578941121287	7023.2156862745	1	0.106227670961158
ENSG00000114113	RBP2	TCGA-KICH	0.0234874391250901	7023.5652173913	1	0.147742080749536
ENSG00000206203	TSSK2	TCGA-KICH	0.0164893504605055	7023.641509434	1	0.126171499104155
ENSG00000075461	CACNG4	TCGA-KICH	0.0170832209436307	7023.8653846154	1	0.128144160848827
ENSG00000113643	RARS	TCGA-KICH	0.0250656206517784	7024.1320754717	1	0.152170551454978
ENSG00000133704	IPO8	TCGA-KICH	0.0168416633817253	7024.3148148148	1	0.127297440768046
ENSG00000167280	ENGASE	TCGA-KICH	0.0092556015357795	7024.3958333333	1	0.0967279929027671
ENSG00000119686	FLVCR2	TCGA-KICH	0.02475363229487	7024.6511627907	1	0.151020731886607
ENSG00000164062	APEH	TCGA-KICH	0.0339125805180584	7024.9090909091	1	0.175253300095742
ENSG00000106004	HOXA5	TCGA-KICH	0.0369617866531564	7025.3863636364	1	0.182359703284914
ENSG00000162551	ALPL	TCGA-KICH	0.0138581902013695	7025.5555555556	1	0.116277422865424
ENSG00000169231	THBS3	TCGA-KICH	0.0208412916985032	7026	1	0.139362541357632
ENSG00000010404	IDS	TCGA-KICH	0.0209114156628482	7026.170212766	1	0.139714777572179
ENSG00000148187	MRRF	TCGA-KICH	0.0142740987806316	7027.1777777778	1	0.118017279046314
ENSG00000100372	SLC25A17	TCGA-KICH	0.0269879664264979	7027.2916666667	1	0.157275334657153
ENSG00000185669	SNAI3	TCGA-KICH	0.0122960739446749	7028.3863636364	1	0.109376148196902
ENSG00000085733	CTTN	TCGA-KICH	0.00676126743762538	7028.7169811321	1	0.0827592249075644
ENSG00000249222	ATP5L2	TCGA-KICH	0.0205142617724208	7030.1666666667	1	0.138330906225397
ENSG00000116754	SRSF11	TCGA-KICH	0.0233149008364523	7030.2142857143	1	0.147494268542731
ENSG00000270757	HSPE1-MOB4	TCGA-KICH	0.00501183077904577	7030.3773584906	1	0.0721823399804594
ENSG00000152601	MBNL1	TCGA-KICH	0.0158610380908683	7031.4565217391	1	0.124094299391558
ENSG00000176624	MEX3C	TCGA-KICH	0.00562285318513861	7031.9622641509	1	0.0763135540338939
ENSG00000169100	SLC25A6	TCGA-KICH	0.00520239656468096	7032.4285714286	1	0.0737966173457623
ENSG00000163216	SPRR2D	TCGA-KICH	0.00418721297712823	7032.8269230769	1	0.0660021809337683
ENSG00000173404	INSM1	TCGA-KICH	0.010211047269844	7033.4468085106	1	0.100608723158542
ENSG00000159733	ZFYVE28	TCGA-KICH	0.0145118712349687	7034.119047619	1	0.118575315218379
ENSG00000174684	B3GNT1	TCGA-KICH	0.0218279383973857	7034.4347826087	1	0.143209517998415
ENSG00000076770	MBNL3	TCGA-KICH	0.00990754707190192	7034.5438596491	1	0.099292469559768
ENSG00000055483	USP36	TCGA-KICH	0.0207412271461864	7035.0392156863	1	0.139041755021421
ENSG00000007545	CRAMP1L	TCGA-KICH	0.0175543841304657	7036.0243902439	1	0.128720428890243
ENSG00000078618	NRD1	TCGA-KICH	0.00658633166685605	7037.4642857143	1	0.0814415479469571
ENSG00000159023	EPB41	TCGA-KICH	0.0122272057529308	7037.48	1	0.109152006763204
ENSG00000168404	MLKL	TCGA-KICH	0.00298555850700012	7037.78	1	0.0552759762885629
ENSG00000105655	ISYNA1	TCGA-KICH	0.0122039155135089	7037.8571428571	1	0.109152006763204
ENSG00000189046	ALKBH2	TCGA-KICH	0.00284820604572234	7038.3958333333	1	0.0538536243473946
ENSG00000165555	NOXRED1	TCGA-KICH	0.0172372087852624	7038.9166666667	1	0.128205479851552
ENSG00000072958	AP1M1	TCGA-KICH	0.0129574349857384	7038.9782608696	1	0.112351554573146
ENSG00000189056	RELN	TCGA-KICH	0.00757462704823332	7039.5098039216	1	0.0867941280469559
ENSG00000259431	THTPA	TCGA-KICH	0.0142602737136131	7039.6888888889	1	0.117963989423303
ENSG00000125875	TBC1D20	TCGA-KICH	0.00718768906973423	7041.0566037736	1	0.0852381748322292
ENSG00000170927	PKHD1	TCGA-KICH	0.00687200129474381	7041.0980392157	1	0.0834382871382275
ENSG00000239732	TLR9	TCGA-KICH	0.0183928985046732	7041.3409090909	1	0.130742241257142
ENSG00000235268	KDM4E	TCGA-KICH	0.00443936007865004	7041.38	1	0.0679150216496347
ENSG00000105227	PRX	TCGA-KICH	0.0138927305209454	7041.5111111111	1	0.116277422865424
ENSG00000162896	PIGR	TCGA-KICH	0.0296757514476171	7041.641025641	1	0.163766621631147
ENSG00000185518	SV2B	TCGA-KICH	0.0238113198678414	7041.7045454545	1	0.148434348889538
ENSG00000178467	P4HTM	TCGA-KICH	0.0055417203280514	7042.52	1	0.0761808163551444
ENSG00000196482	ESRRG	TCGA-KICH	0.01638707142214	7042.6153846154	1	0.125744714466201
ENSG00000126231	PROZ	TCGA-KICH	0.0341246185201126	7042.725	1	0.175838405920078
ENSG00000121864	ZNF639	TCGA-KICH	0.0134697457570011	7043.2127659574	1	0.11443924578163
ENSG00000076555	ACACB	TCGA-KICH	0.00846888163907751	7043.2857142857	1	0.0921740437356524
ENSG00000102891	MT4	TCGA-KICH	0.00713671384129582	7043.3333333333	1	0.0850707017551795
ENSG00000198246	SLC29A3	TCGA-KICH	0.0160086122713808	7045.1063829787	1	0.124576251470439
ENSG00000196184	OR10J1	TCGA-KICH	0.0171079616162289	7045.1071428571	1	0.128188852803168
ENSG00000134160	TRPM1	TCGA-KICH	0.0113256017313139	7045.4222222222	1	0.105488040690108
ENSG00000069122	GPR116	TCGA-KICH	0.0158281192274782	7045.4651162791	1	0.124094299391558
ENSG00000086717	PPEF1	TCGA-KICH	0.00921093670643634	7046.16	1	0.0965557215445802
ENSG00000010030	ETV7	TCGA-KICH	0.0211679415320222	7046.4347826087	1	0.140668826014625
ENSG00000180354	MTURN	TCGA-KICH	0.00452175055849019	7046.679245283	1	0.0682711683324414
ENSG00000088782	DEFB127	TCGA-KICH	0.0112492928153873	7047.4545454545	1	0.10517548930838
ENSG00000107018	RLN1	TCGA-KICH	0.00910160176921521	7047.6170212766	1	0.0959551090117997
ENSG00000132256	TRIM5	TCGA-KICH	0.00345469535256604	7048.5681818182	1	0.0607257396583021
ENSG00000010704	HFE	TCGA-KICH	0.0123584343044925	7048.7045454545	1	0.109376148196902
ENSG00000168135	KCNJ4	TCGA-KICH	0.0142828435080851	7048.9130434783	1	0.118017279046314
ENSG00000078699	CBFA2T2	TCGA-KICH	0.00958199819881906	7049.6	1	0.0981802310646752
ENSG00000074696	PTPLAD1	TCGA-KICH	0.0227110487415659	7050.0487804878	1	0.145460764907541
ENSG00000166411	IDH3A	TCGA-KICH	0.0074445690352577	7050.4285714286	1	0.0863381213182702
ENSG00000172732	MUS81	TCGA-KICH	0.0145870986764195	7050.9069767442	1	0.118705480336818
ENSG00000079134	THOC1	TCGA-KICH	0.040927179563996	7051.3333333333	1	0.189381329302917
ENSG00000182676	PPP1R27	TCGA-KICH	0.0221392941712284	7052.0909090909	1	0.143721441488538
ENSG00000149923	PPP4C	TCGA-KICH	0.0218631300515181	7052.3255813953	1	0.143354377229193
ENSG00000101199	ARFGAP1	TCGA-KICH	0.0097004521172383	7052.5714285714	1	0.0987721979919973
ENSG00000196547	MAN2A2	TCGA-KICH	0.0163525363562309	7053.1224489796	1	0.125660231580811
ENSG00000130545	CRB3	TCGA-KICH	0.0192125460269028	7053.2244897959	1	0.133777793313412
ENSG00000174373	RALGAPA1	TCGA-KICH	0.0115756129032344	7053.5238095238	1	0.106603473631569
ENSG00000089116	LHX5	TCGA-KICH	0.0112482560952255	7053.5777777778	1	0.10517548930838
ENSG00000051128	HOMER3	TCGA-KICH	0.00939423714613541	7053.7450980392	1	0.0972107546890785
ENSG00000182132	KCNIP1	TCGA-KICH	0.00756240285785153	7054.170212766	1	0.0867941280469559
ENSG00000130711	PRDM12	TCGA-KICH	0.0166131561580743	7054.6346153846	1	0.12647716490224
ENSG00000131480	AOC2	TCGA-KICH	0.0115992014443817	7055.1875	1	0.106691225938886
ENSG00000182613	OR2V2	TCGA-KICH	0.00914650545969972	7055.4565217391	1	0.0961794385667045
ENSG00000198576	ARC	TCGA-KICH	0.0110020248060058	7055.8292682927	1	0.104655570565212
ENSG00000175104	TRAF6	TCGA-KICH	0.0270054409945356	7055.8444444444	1	0.157275334657153
ENSG00000100938	GMPR2	TCGA-KICH	0.00955368174162403	7056.6862745098	1	0.0980783417257108
ENSG00000165917	RAPSN	TCGA-KICH	0.00892546292822354	7057.225	1	0.0950625505667702
ENSG00000104756	KCTD9	TCGA-KICH	0.0129292369319708	7057.4130434783	1	0.112351554573146
ENSG00000198888	MT-ND1	TCGA-KICH	0.00561405831147756	7058.0943396226	1	0.0763135540338939
ENSG00000138379	MSTN	TCGA-KICH	0.0219532324559991	7060.1698113208	1	0.143422046239392
ENSG00000153107	ANAPC1	TCGA-KICH	0.00929676645432438	7060.8043478261	1	0.0968605842219196
ENSG00000162542	TMCO4	TCGA-KICH	0.00737291078608917	7060.9056603774	1	0.0861461895752505
ENSG00000105509	HAS1	TCGA-KICH	0.0196320281110622	7060.9791666667	1	0.135251271900043
ENSG00000137992	DBT	TCGA-KICH	0.00656239497768667	7061.431372549	1	0.0813442380554582
ENSG00000100478	AP4S1	TCGA-KICH	0.0182125322892461	7061.9268292683	1	0.130481994291479
ENSG00000119979	FAM45A	TCGA-KICH	0.0167409715395744	7062.2	1	0.126944440912066
ENSG00000116514	RNF19B	TCGA-KICH	0.0106163588741326	7062.2105263158	1	0.102918273225928
ENSG00000106018	VIPR2	TCGA-KICH	0.0125957713823834	7062.5531914894	1	0.110957799058785
ENSG00000130037	KCNA5	TCGA-KICH	0.00494564654991758	7062.7142857143	1	0.0716980938809638
ENSG00000135116	HRK	TCGA-KICH	0.00576966011587168	7062.9318181818	1	0.077402763032495
ENSG00000143107	FNDC7	TCGA-KICH	0.00984627094649592	7063.3404255319	1	0.0991125262150422
ENSG00000141084	RANBP10	TCGA-KICH	0.0209342099729282	7064.0217391304	1	0.139715722410216
ENSG00000124232	RBPJL	TCGA-KICH	0.00573030429976739	7064.44	1	0.0771831987895498
ENSG00000125812	GZF1	TCGA-KICH	0.0228433457386209	7065.023255814	1	0.14575146693387
ENSG00000274276	CBSL	TCGA-KICH	0.0106552469119802	7065.3043478261	1	0.103232776343233
ENSG00000160695	VPS11	TCGA-KICH	0.0171027890784779	7065.5238095238	1	0.128188852803168
ENSG00000111961	SASH1	TCGA-KICH	0.00981401839343753	7065.8085106383	1	0.0988500028747812
ENSG00000168811	IL12A	TCGA-KICH	0.0148128436760543	7065.9545454545	1	0.11990297933954
ENSG00000181625	SLX1B	TCGA-KICH	0.0120270088824449	7066.0196078431	1	0.108514111128088
ENSG00000157933	SKI	TCGA-KICH	0.0210274992871541	7067.1276595745	1	0.140144306606359
ENSG00000149823	VPS51	TCGA-KICH	0.0121617102168871	7068.7	1	0.109114727800251
ENSG00000188508	KRTDAP	TCGA-KICH	0.00830200349518639	7069.6101694915	1	0.0913790968903162
ENSG00000100146	SOX10	TCGA-KICH	0.00980975296520784	7069.9361702128	1	0.0988500028747812
ENSG00000150625	GPM6A	TCGA-KICH	0.0365474629878974	7070.3225806452	1	0.181506697837246
ENSG00000171448	ZBTB26	TCGA-KICH	0.0150798310364578	7070.4390243902	1	0.120997183214132
ENSG00000162976	PQLC3	TCGA-KICH	0.00402717374679632	7070.6363636364	1	0.0648192839748171
ENSG00000059728	MXD1	TCGA-KICH	0.00765443922089743	7070.652173913	1	0.0872739989435388
ENSG00000164162	ANAPC10	TCGA-KICH	0.00855103504561369	7071.2340425532	1	0.092655498143101
ENSG00000066933	MYO9A	TCGA-KICH	0.0121173076902687	7071.2553191489	1	0.108899372985215
ENSG00000267618	RAD51L3-RFFL	TCGA-KICH	0.0120461534891566	7071.3076923077	1	0.108533222848791
ENSG00000163558	PRKCI	TCGA-KICH	0.00565951472240754	7071.7586206897	1	0.0766811575967486
ENSG00000164088	PPM1M	TCGA-KICH	0.00787137186388922	7071.7857142857	1	0.0887746622536521
ENSG00000005238	FAM214B	TCGA-KICH	0.00643271151733448	7072.2954545455	1	0.0806733554816849
ENSG00000166887	VPS39	TCGA-KICH	0.0101663596555949	7072.3529411765	1	0.100418170124928
ENSG00000126698	DNAJC8	TCGA-KICH	0.0193052457938797	7072.8636363636	1	0.133957327291587
ENSG00000161533	ACOX1	TCGA-KICH	0.0103355420355584	7073.3454545455	1	0.101185601956179
ENSG00000099769	IGFALS	TCGA-KICH	0.0143744900456168	7073.5208333333	1	0.118196170193832
ENSG00000196275	GTF2IRD2	TCGA-KICH	0.00656225561996461	7073.6808510638	1	0.0813442380554582
ENSG00000119431	HDHD3	TCGA-KICH	0.0146348991966101	7073.9	1	0.119033982038451
ENSG00000095627	TDRD1	TCGA-KICH	0.00240512515500539	7074.6981132075	1	0.0491456926565642
ENSG00000134222	PSRC1	TCGA-KICH	0.00748361667479577	7074.9583333333	1	0.086409604215468
ENSG00000145247	OCIAD2	TCGA-KICH	0.0158274667954008	7075.75	1	0.124094299391558
ENSG00000101251	SEL1L2	TCGA-KICH	0.0144514449268158	7075.9555555556	1	0.118432443583354
ENSG00000232070	TMEM253	TCGA-KICH	0.0183899907205957	7076.04	1	0.130742241257142
ENSG00000147649	MTDH	TCGA-KICH	0.00976836023167993	7076.4166666667	1	0.0988500028747812
ENSG00000122068	FYTTD1	TCGA-KICH	0.0120858723905395	7076.9555555556	1	0.108738902435107
ENSG00000179284	DAND5	TCGA-KICH	0.0191756378237505	7076.9803921569	1	0.133578877663055
ENSG00000152455	SUV39H2	TCGA-KICH	0.0123678721627416	7077.54	1	0.109376148196902
ENSG00000165476	REEP3	TCGA-KICH	0.0121801010487454	7078.6304347826	1	0.109152006763204
ENSG00000157510	AFAP1L1	TCGA-KICH	0.0184697048891219	7078.7222222222	1	0.131171762216979
ENSG00000168806	LCMT2	TCGA-KICH	0.000497490191090945	7078.775862069	1	0.0244050251770136
ENSG00000120533	ENY2	TCGA-KICH	0.0115477577690882	7079.04	1	0.106481210775273
ENSG00000119326	CTNNAL1	TCGA-KICH	0.0324312696795614	7080.3170731707	1	0.171077426929605
ENSG00000148832	PAOX	TCGA-KICH	0.00796828500525277	7080.8301886792	1	0.0890027325731491
ENSG00000102908	NFAT5	TCGA-KICH	0.00557873094243703	7081.86	1	0.0763135540338939
ENSG00000196578	OR5AC2	TCGA-KICH	0.00970824761864826	7082.2826086957	1	0.0987721979919973
ENSG00000116183	PAPPA2	TCGA-KICH	0.0161276946769584	7082.9545454545	1	0.12494217956581
ENSG00000135334	AKIRIN2	TCGA-KICH	0.0157461141073635	7083.3777777778	1	0.123813369339459
ENSG00000156475	PPP2R2B	TCGA-KICH	0.0177207782650098	7083.5744680851	1	0.12923418211026
ENSG00000272398	CD24	TCGA-KICH	0.0177718888298624	7083.5952380952	1	0.129357632281917
ENSG00000104435	STMN2	TCGA-KICH	0.00944008811848777	7083.6170212766	1	0.0974745397921223
ENSG00000072786	STK10	TCGA-KICH	0.00492175148039467	7083.6274509804	1	0.0716562272350188
ENSG00000189129	PLAC9	TCGA-KICH	0.00735576804046403	7084.16	1	0.0861130300935902
ENSG00000126091	ST3GAL3	TCGA-KICH	0.00298215441514798	7084.7291666667	1	0.0552759762885629
ENSG00000006432	MAP3K9	TCGA-KICH	0.0221246038036973	7085.0909090909	1	0.143721441488538
ENSG00000146950	SHROOM2	TCGA-KICH	0.00700753903652471	7086.431372549	1	0.0843802538871754
ENSG00000170222	ADPRM	TCGA-KICH	0.00495146180488274	7086.5660377358	1	0.0716980938809638
ENSG00000178105	DDX10	TCGA-KICH	0.00228878302334717	7086.7115384615	1	0.0475687183256899
ENSG00000180061	TMEM150B	TCGA-KICH	0.00774173519015343	7086.8431372549	1	0.0878072868769881
ENSG00000113648	H2AFY	TCGA-KICH	0.0226175186868924	7087.2173913043	1	0.145411305407701
ENSG00000204703	OR2B3	TCGA-KICH	0.0155131260537851	7087.5102040816	1	0.122651145638569
ENSG00000101977	MCF2	TCGA-KICH	0.00997594012275374	7087.7551020408	1	0.0994798761306981
ENSG00000071909	MYO3B	TCGA-KICH	0.0335859841923734	7089	1	0.174264464272412
ENSG00000166278	C2	TCGA-KICH	0.00969620237182602	7089.7358490566	1	0.0987721979919973
ENSG00000137766	UNC13C	TCGA-KICH	0.0114081821307456	7089.96	1	0.105929585758999
ENSG00000167723	TRPV3	TCGA-KICH	0.0102569584046794	7090.0930232558	1	0.100838053315495
ENSG00000101856	PGRMC1	TCGA-KICH	0.00836922487299004	7090.125	1	0.0916152674920953
ENSG00000169689	STRA13	TCGA-KICH	0.0136866273178926	7090.3695652174	1	0.115729322331599
ENSG00000145506	NKD2	TCGA-KICH	0.005863244361966	7090.8	1	0.0778605791516463
ENSG00000166349	RAG1	TCGA-KICH	0.00553648492723403	7091.3902439024	1	0.0761808163551444
ENSG00000257727	CNPY2	TCGA-KICH	0.011770915189053	7092.2040816327	1	0.107516589992692
ENSG00000158296	SLC13A3	TCGA-KICH	0.00303868021354498	7092.3703703704	1	0.0558753386390585
ENSG00000214063	TSPAN4	TCGA-KICH	0.0198621161895592	7093.3773584906	1	0.136286171974064
ENSG00000151164	RAD9B	TCGA-KICH	0.0119597926486497	7093.46	1	0.108325029953482
ENSG00000135540	NHSL1	TCGA-KICH	0.00585210894621436	7093.6727272727	1	0.0778417979847367
ENSG00000158805	ZNF276	TCGA-KICH	0.00519626280711265	7094.4	1	0.0737965807352409
ENSG00000031698	SARS	TCGA-KICH	0.00504334559359094	7094.4426229508	1	0.0724387261716224
ENSG00000164363	SLC6A18	TCGA-KICH	0.005924068533082	7094.8113207547	1	0.0781429403622563
ENSG00000127585	FBXL16	TCGA-KICH	0.0247049452633947	7095.0444444444	1	0.150922489312983
ENSG00000138068	SULT6B1	TCGA-KICH	0.00664253082676238	7095.2173913043	1	0.0816743774800195
ENSG00000070729	CNGB1	TCGA-KICH	0.017121036278683	7095.9375	1	0.128188852803168
ENSG00000197309	OR10D3	TCGA-KICH	0.00768777961672268	7096.0185185185	1	0.08744303306947
ENSG00000154240	CEP112	TCGA-KICH	0.00408353182525371	7096.7234042553	1	0.0653765628921394
ENSG00000211455	STK38L	TCGA-KICH	0.0068597957910658	7097.0925925926	1	0.0834165752421555
ENSG00000135363	LMO2	TCGA-KICH	0.00986839650636424	7097.82	1	0.0991678888062913
ENSG00000171443	ZNF524	TCGA-KICH	0.00211077321606196	7098.3148148148	1	0.0463704157136246
ENSG00000105679	GAPDHS	TCGA-KICH	0.00662353820564802	7098.6734693878	1	0.0815341770664512
ENSG00000138813	C4orf17	TCGA-KICH	0.00356484813178772	7098.8846153846	1	0.0617868428902385
ENSG00000183844	FAM3B	TCGA-KICH	0.00432973881864811	7099.04	1	0.0671906658727224
ENSG00000134020	PEBP4	TCGA-KICH	0.00882515820050048	7099.06	1	0.0946016791037585
ENSG00000103067	ESRP2	TCGA-KICH	0.00994905934279149	7099.4042553191	1	0.0994798761306981
ENSG00000066735	KIF26A	TCGA-KICH	0.00803310514714868	7100.880952381	1	0.0893698127899275
ENSG00000185946	RNPC3	TCGA-KICH	5.40250328384125e-05	7101.0196078431	0.859052047163597	0.00747596525407886
ENSG00000164743	C8orf48	TCGA-KICH	0.0136554431634713	7101.0408163265	1	0.115526636166399
ENSG00000173898	SPTBN2	TCGA-KICH	0.00486874748989415	7101.375	1	0.0714692860225984
ENSG00000259571	BLID	TCGA-KICH	0.00792664334911974	7101.4444444444	1	0.088897194142964
ENSG00000140519	RHCG	TCGA-KICH	0.00414431085034615	7101.7	1	0.0657791261330958
ENSG00000212123	PRR22	TCGA-KICH	0.0074945447092432	7101.7380952381	1	0.0864252718223301
ENSG00000001629	ANKIB1	TCGA-KICH	0.00621206958264701	7102.18	1	0.07981535503443
ENSG00000137968	SLC44A5	TCGA-KICH	0.00608109976656733	7102.2291666667	1	0.0790093895975636
ENSG00000176273	SLC35G1	TCGA-KICH	0.00286192252490548	7102.6875	1	0.0539935115105702
ENSG00000009724	MASP2	TCGA-KICH	0.00736544352094145	7104.0454545455	1	0.0861461895752505
ENSG00000165633	VSTM4	TCGA-KICH	0.00450822555630148	7104.1489361702	1	0.0682711683324414
ENSG00000163885	CCDC37	TCGA-KICH	0.00640243823369041	7104.8163265306	1	0.0804667263096156
ENSG00000104059	FAM189A1	TCGA-KICH	0.0131069892364074	7104.8571428571	1	0.112998287451282
ENSG00000115884	SDC1	TCGA-KICH	0.00451146697374718	7105.2244897959	1	0.0682711683324414
ENSG00000165269	AQP7	TCGA-KICH	0.00359772698807189	7105.2884615385	1	0.0620210954940488
ENSG00000105122	RASAL3	TCGA-KICH	0.00730822784470885	7105.9583333333	1	0.0857445193648442
ENSG00000109089	CDR2L	TCGA-KICH	0.00169928477206082	7106.1538461538	1	0.0417186924119992
ENSG00000170364	SETMAR	TCGA-KICH	0.00144534427194639	7106.22	1	0.039266456648926
ENSG00000159210	SNF8	TCGA-KICH	0.0182412134854527	7106.693877551	1	0.130496280975418
ENSG00000167741	GGT6	TCGA-KICH	0.00255123445498326	7106.8461538462	1	0.0507553040951018
ENSG00000109685	WHSC1	TCGA-KICH	0.0198120132766864	7107.2826086957	1	0.136175704989756
ENSG00000115947	ORC4	TCGA-KICH	0.00935088498906952	7107.5714285714	1	0.0971170059013933
ENSG00000002016	RAD52	TCGA-KICH	0.00792452538623456	7108.0212765957	1	0.088897194142964
ENSG00000101158	NELFCD	TCGA-KICH	0.0110401286637876	7108.4166666667	1	0.104681859414185
ENSG00000113805	CNTN3	TCGA-KICH	0.0116985550884624	7108.5510204082	1	0.107303757011298
ENSG00000255526	NEDD8-MDP1	TCGA-KICH	0.00670010116677395	7108.652173913	1	0.0821608883506009
ENSG00000115592	PRKAG3	TCGA-KICH	0.00755593754809574	7109.0576923077	1	0.0867941280469559
ENSG00000149564	ESAM	TCGA-KICH	0.0052489922540349	7109.6	1	0.0740986042496144
ENSG00000181274	FRAT2	TCGA-KICH	0.00254142156156922	7109.9333333333	1	0.0507206021784934
ENSG00000108106	UBE2S	TCGA-KICH	0.0215361658611255	7110	1	0.142344901471698
ENSG00000196757	ZNF700	TCGA-KICH	0.00490685828069997	7110.6666666667	1	0.0716562272350188
ENSG00000126243	LRFN3	TCGA-KICH	0.0113590202560294	7111.34	1	0.105702910749745
ENSG00000164932	CTHRC1	TCGA-KICH	0.0108120897095001	7111.82	1	0.103872595499487
ENSG00000104218	CSPP1	TCGA-KICH	0.0173168887501438	7111.9090909091	1	0.128205479851552
ENSG00000174343	CHRNA9	TCGA-KICH	0.0084082363976913	7111.92	1	0.0919794439269304
ENSG00000215547	DEFB115	TCGA-KICH	0.00531920406689756	7112.1666666667	1	0.0744642072826612
ENSG00000062194	GPBP1	TCGA-KICH	0.0133426356747791	7112.5510204082	1	0.114069020939102
ENSG00000113319	RASGRF2	TCGA-KICH	0.0188369228814502	7113.7111111111	1	0.132312859625625
ENSG00000117650	NEK2	TCGA-KICH	0.00887464094345096	7115.2941176471	1	0.0948780872559194
ENSG00000138768	USO1	TCGA-KICH	0.0103751709814938	7117.1590909091	1	0.101359260122853
ENSG00000197153	HIST1H3J	TCGA-KICH	0.00911318893580689	7117.4102564103	1	0.0959551090117997
ENSG00000168092	PAFAH1B2	TCGA-KICH	0.00256660061289671	7117.4339622642	1	0.0508875720787459
ENSG00000147804	SLC39A4	TCGA-KICH	0.0188142455648983	7117.775	1	0.132211558895062
ENSG00000158234	FAIM	TCGA-KICH	0.00316008799831115	7117.88	1	0.0573796023729627
ENSG00000241119	UGT1A9	TCGA-KICH	0.00548392301037956	7119.1568627451	1	0.0756755335758039
ENSG00000168264	IRF2BP2	TCGA-KICH	0.00619540957253474	7121.1041666667	1	0.07981535503443
ENSG00000082014	SMARCD3	TCGA-KICH	0.00386365108139566	7121.1764705882	1	0.0637039641014232
ENSG00000152332	UHMK1	TCGA-KICH	0.012695982880359	7121.9583333333	1	0.111457792270976
ENSG00000102879	CORO1A	TCGA-KICH	0.00392309752409967	7122.3333333333	1	0.0637204937611118
ENSG00000124713	GNMT	TCGA-KICH	0.0100830405954197	7122.9302325581	1	0.100049501323201
ENSG00000233412	OR5H15	TCGA-KICH	0.00380734756721798	7124.4423076923	1	0.0630555028841737
ENSG00000168038	ULK4	TCGA-KICH	0.00827886284815532	7124.5	1	0.091249820036619
ENSG00000183303	OR5P2	TCGA-KICH	0.00356125369727916	7124.7234042553	1	0.0617868428902385
ENSG00000103363	TCEB2	TCGA-KICH	0.0133600642751321	7125.0434782609	1	0.114069020939102
ENSG00000205497	OR51A4	TCGA-KICH	0.0208236009401342	7126.0392156863	1	0.139362541357632
ENSG00000168297	PXK	TCGA-KICH	0.00402113593193482	7126.0714285714	1	0.0647872152413844
ENSG00000173269	MMRN2	TCGA-KICH	0.00979371138063998	7126.6808510638	1	0.0988500028747812
ENSG00000140691	ARMC5	TCGA-KICH	0.00707752378599248	7127.4081632653	1	0.0848402271202617
ENSG00000203852	HIST2H3A	TCGA-KICH	0.00623505054484603	7129.1666666667	1	0.0798834675805673
ENSG00000171747	LGALS4	TCGA-KICH	0.00341272545590697	7130.3396226415	1	0.0602588734028117
ENSG00000169169	CPT1C	TCGA-KICH	0.00851291256331765	7131.4680851064	1	0.0923674083343713
ENSG00000168228	ZCCHC4	TCGA-KICH	0.0219607321336437	7131.9	1	0.143422046239392
ENSG00000165868	HSPA12A	TCGA-KICH	0.0167080000952775	7132.027027027	1	0.126874642733935
ENSG00000154485	MMP21	TCGA-KICH	0.00530660899108324	7132.1086956522	1	0.0744605516301156
ENSG00000115461	IGFBP5	TCGA-KICH	0.00457024873131638	7132.511627907	1	0.0687253835042552
ENSG00000100739	BDKRB1	TCGA-KICH	0.00493833399985313	7132.96	1	0.0716980938809638
ENSG00000132471	WBP2	TCGA-KICH	0.00778705420229562	7133.4255319149	1	0.0881488779703258
ENSG00000065665	SEC61A2	TCGA-KICH	0.0138493806059206	7133.7441860465	1	0.116277422865424
ENSG00000157106	SMG1	TCGA-KICH	0.00393993480934208	7133.9818181818	1	0.0638713433849947
ENSG00000168158	OR2C1	TCGA-KICH	0.00546479211777612	7135.5384615385	1	0.0756170752599566
ENSG00000125084	WNT1	TCGA-KICH	0.00269936743161586	7136.612244898	1	0.0524640405550097
ENSG00000118922	KLF12	TCGA-KICH	0.00579335976940501	7136.6666666667	1	0.0774418342083507
ENSG00000183979	NPB	TCGA-KICH	0.00586139604980454	7137.4	1	0.0778605791516463
ENSG00000128039	SRD5A3	TCGA-KICH	0.00898830872072949	7137.66	1	0.0953293210438824
ENSG00000177302	TOP3A	TCGA-KICH	0.0074170733015248	7139.2222222222	1	0.0862632018329119
ENSG00000113558	SKP1	TCGA-KICH	0.00354143024484984	7139.4807692308	1	0.0615808961685886
ENSG00000142655	PEX14	TCGA-KICH	0.00474011340046225	7141.16	1	0.0704226936845096
ENSG00000108256	NUFIP2	TCGA-KICH	0.00660390163163832	7141.3777777778	1	0.0814415479469571
ENSG00000084110	HAL	TCGA-KICH	0.0102508969189005	7142.1904761905	1	0.100838053315495
ENSG00000080603	SRCAP	TCGA-KICH	0.00560760704037159	7142.5319148936	1	0.0763135540338939
ENSG00000162066	AMDHD2	TCGA-KICH	0.00268336666748496	7143.431372549	1	0.0522164242767577
ENSG00000149571	KIRREL3	TCGA-KICH	0.00793932041385773	7143.5853658537	1	0.0889349148148638
ENSG00000213967	ZNF726	TCGA-KICH	0.0138524932210099	7144.7857142857	1	0.116277422865424
ENSG00000137124	ALDH1B1	TCGA-KICH	0.0165591007241656	7145.4090909091	1	0.126322685371337
ENSG00000145495	MARCH6	TCGA-KICH	0.00796939859568504	7146.4210526316	1	0.0890027325731491
ENSG00000100433	KCNK10	TCGA-KICH	0.00741187399701602	7146.44	1	0.0862632018329119
ENSG00000183067	IGSF5	TCGA-KICH	0.0123347392138259	7147.3636363636	1	0.109376148196902
ENSG00000197619	ZNF615	TCGA-KICH	0.00733908540348083	7147.4255319149	1	0.0860435232333423
ENSG00000100302	RASD2	TCGA-KICH	0.0108878948572599	7147.5106382979	1	0.104065750902148
ENSG00000125484	GTF3C4	TCGA-KICH	0.000536119749769404	7147.8431372549	1	0.0253618152389585
ENSG00000115263	GCG	TCGA-KICH	0.00289524316954104	7148.1111111111	1	0.0541674291591118
ENSG00000178999	AURKB	TCGA-KICH	0.00650938771695797	7148.1923076923	1	0.0810636425249471
ENSG00000171984	C20orf196	TCGA-KICH	0.00767374599566105	7148.5434782609	1	0.0873454457146494
ENSG00000180817	PPA1	TCGA-KICH	0.0108885589873813	7148.5740740741	1	0.104065750902148
ENSG00000131055	COX4I2	TCGA-KICH	0.00741200686459448	7148.625	1	0.0862632018329119
ENSG00000110975	SYT10	TCGA-KICH	0.00526255985610184	7148.7551020408	1	0.0740986042496144
ENSG00000171773	NXNL1	TCGA-KICH	0.00929320001070158	7150.3863636364	1	0.0968605842219196
ENSG00000149633	KIAA1755	TCGA-KICH	0.0101766269136755	7150.6530612245	1	0.100418170124928
ENSG00000067113	PPAP2A	TCGA-KICH	0.0169296334329857	7150.9285714286	1	0.127529670474725
ENSG00000110330	BIRC2	TCGA-KICH	0.0148620639933533	7151.1395348837	1	0.120096478393026
ENSG00000102871	TRADD	TCGA-KICH	0.00387788678708769	7152.4888888889	1	0.0637039641014232
ENSG00000107742	SPOCK2	TCGA-KICH	0.00930669952823737	7152.5102040816	1	0.0968605842219196
ENSG00000149179	C11orf49	TCGA-KICH	0.00333858376349736	7152.7	1	0.0592108737235994
ENSG00000196776	CD47	TCGA-KICH	0.0395551684802072	7153.1794871795	1	0.187363508787494
ENSG00000171766	GATM	TCGA-KICH	0.00274023135816511	7153.4285714286	1	0.0528163134910593
ENSG00000165496	RPL10L	TCGA-KICH	0.00380308516280574	7153.7391304348	1	0.0630555028841737
ENSG00000204516	MICB	TCGA-KICH	0.00608048074277119	7153.8823529412	1	0.0790093895975636
ENSG00000197111	PCBP2	TCGA-KICH	0.0183740659569187	7154.119047619	1	0.130742241257142
ENSG00000092421	SEMA6A	TCGA-KICH	0.00288295570068218	7154.3653846154	1	0.0540638589536594
ENSG00000136982	DSCC1	TCGA-KICH	0.00639774760527134	7155.6078431373	1	0.0804667263096156
ENSG00000198851	CD3E	TCGA-KICH	0.0143465966657734	7155.8510638298	1	0.118195553307763
ENSG00000198689	SLC9A6	TCGA-KICH	0.00473519799572491	7155.96	1	0.0704226936845096
ENSG00000040531	CTNS	TCGA-KICH	0.00304209299099483	7156.0727272727	1	0.0558753386390585
ENSG00000178586	OR6B3	TCGA-KICH	0.00886083163259575	7157.0731707317	1	0.0948780872559194
ENSG00000146360	GPR6	TCGA-KICH	0.00759616587577952	7157.96	1	0.0868947117861493
ENSG00000088882	CPXM1	TCGA-KICH	0.0101039654295463	7158.08	1	0.100071123286446
ENSG00000145782	ATG12	TCGA-KICH	0.00358246641407058	7158.5094339623	1	0.0618912617274438
ENSG00000101132	PFDN4	TCGA-KICH	0.00215021430431254	7159	1	0.0465718079502431
ENSG00000196636	ACN9	TCGA-KICH	0.00719514524408514	7159.15	1	0.0852381748322292
ENSG00000121988	ZRANB3	TCGA-KICH	0.0117854893963794	7160.0535714286	1	0.107516589992692
ENSG00000116786	PLEKHM2	TCGA-KICH	0.00630972973155403	7162.8039215686	1	0.080073538367043
ENSG00000122585	NPY	TCGA-KICH	0.00966603103960552	7163.6511627907	1	0.0987382394176628
ENSG00000156504	FAM122B	TCGA-KICH	0.00645054826999157	7163.9777777778	1	0.080770547727846
ENSG00000198826	ARHGAP11A	TCGA-KICH	0.00343610486747656	7164.1346153846	1	0.0605428602030592
ENSG00000164053	ATRIP	TCGA-KICH	0.00978072530888543	7164.6530612245	1	0.0988500028747812
ENSG00000107882	SUFU	TCGA-KICH	0.00128477371307282	7165.0444444444	1	0.0372069430278778
ENSG00000146463	ZMYM4	TCGA-KICH	0.0129054686824701	7165.2195121951	1	0.112351554573146
ENSG00000141446	ESCO1	TCGA-KICH	0.00391014653210734	7165.9433962264	1	0.0637039641014232
ENSG00000125611	CHCHD5	TCGA-KICH	0.00704884756971962	7167.1489361702	1	0.0846231587923986
ENSG00000166979	EVA1C	TCGA-KICH	0.0010839454227362	7167.3958333333	1	0.0346494729443518
ENSG00000103035	PSMD7	TCGA-KICH	0.00576772356928276	7167.5652173913	1	0.077402763032495
ENSG00000102178	UBL4A	TCGA-KICH	0.00890852950957633	7167.7142857143	1	0.0950625505667702
ENSG00000115504	EHBP1	TCGA-KICH	0.0204940573642234	7167.7619047619	1	0.138311137247382
ENSG00000140307	GTF2A2	TCGA-KICH	0.00460296857649862	7168	1	0.0689975317160967
ENSG00000147874	HAUS6	TCGA-KICH	0.00296089852326824	7168.2272727273	1	0.0549464540557832
ENSG00000186523	FAM86B1	TCGA-KICH	0.000754725828214048	7168.3454545455	1	0.0300177857569525
ENSG00000176915	ANKLE2	TCGA-KICH	0.00287390486269751	7168.8421052632	1	0.0540638589536594
ENSG00000164933	SLC25A32	TCGA-KICH	0.000654395909991163	7169.125	1	0.0279807027087385
ENSG00000127530	OR7C1	TCGA-KICH	0.0048272687702215	7170.5294117647	1	0.0709905503719902
ENSG00000161526	SAP30BP	TCGA-KICH	0.00394434958524882	7170.5576923077	1	0.0638713433849947
ENSG00000057149	SERPINB3	TCGA-KICH	0.0120494580221761	7171.0869565217	1	0.108533222848791
ENSG00000120729	MYOT	TCGA-KICH	0.00408632128850847	7171.28	1	0.0653765628921394
ENSG00000070444	MNT	TCGA-KICH	0.011469598500288	7171.4166666667	1	0.106227670961158
ENSG00000129028	THAP10	TCGA-KICH	0.0138678521253085	7171.5434782609	1	0.116277422865424
ENSG00000221938	OR2A14	TCGA-KICH	0.0044021089942665	7171.5882352941	1	0.0677231273229376
ENSG00000267561	RP5-1052I5.2	TCGA-KICH	0.0113214136255186	7172.511627907	1	0.105488040690108
ENSG00000198515	CNGA1	TCGA-KICH	0.00730498060687088	7173.3958333333	1	0.0857445193648442
ENSG00000104760	FGL1	TCGA-KICH	0.00182898473653524	7173.5333333333	1	0.0431956462750696
ENSG00000169548	ZNF280A	TCGA-KICH	0.0125768441228578	7173.8157894737	1	0.110852041071859
ENSG00000011677	GABRA3	TCGA-KICH	0.00190369567801847	7173.9615384615	1	0.0443635762207196
ENSG00000137834	SMAD6	TCGA-KICH	0.00250375404641315	7174.2181818182	1	0.0504372591865491
ENSG00000140057	AK7	TCGA-KICH	0.00596420137868426	7174.9	1	0.0783850495671912
ENSG00000188312	CENPP	TCGA-KICH	0.00215192868455697	7175.1428571429	1	0.0465718079502431
ENSG00000171060	C8orf74	TCGA-KICH	0.00945902066043598	7177.487804878	1	0.0974814773982511
ENSG00000113575	PPP2CA	TCGA-KICH	0.00408370854607961	7177.9583333333	1	0.0653765628921394
ENSG00000156966	B3GNT7	TCGA-KICH	0.00824232536718995	7178.7659574468	1	0.0910350625900325
ENSG00000099622	CIRBP	TCGA-KICH	0.00753061631144136	7179.3777777778	1	0.0867646188688729
ENSG00000105866	SP4	TCGA-KICH	0.00976450886298792	7180.2291666667	1	0.0988500028747812
ENSG00000167994	RAB3IL1	TCGA-KICH	0.0069864408954171	7180.7045454545	1	0.0843163910626261
ENSG00000164181	ELOVL7	TCGA-KICH	0.00629642312961823	7180.8888888889	1	0.080073538367043
ENSG00000183798	EMILIN3	TCGA-KICH	0.00901730644028519	7181.1304347826	1	0.0953845195780498
ENSG00000120645	IQSEC3	TCGA-KICH	0.00543659296951213	7181.9487179487	1	0.0754841761980925
ENSG00000243135	UGT1A3	TCGA-KICH	0.00451450088261744	7182.3404255319	1	0.0682711683324414
ENSG00000147885	IFNA16	TCGA-KICH	0.00592842163847277	7182.5918367347	1	0.0781429403622563
ENSG00000083312	TNPO1	TCGA-KICH	0.00113437887696266	7183.125	1	0.035286502178619
ENSG00000104267	CA2	TCGA-KICH	0.00443105982176675	7183.6363636364	1	0.0679075818618129
ENSG00000145414	NAF1	TCGA-KICH	0.0179567078869889	7183.6571428571	1	0.129926720109203
ENSG00000239713	APOBEC3G	TCGA-KICH	0.00406601910301546	7184.5789473684	1	0.0653132356417177
ENSG00000019582	CD74	TCGA-KICH	0.0122425206845454	7184.6739130435	1	0.109227837750972
ENSG00000149743	TRPT1	TCGA-KICH	0.0100622754550557	7184.6875	1	0.0999673333825786
ENSG00000107954	NEURL1	TCGA-KICH	0.00427956991779857	7185.3095238095	1	0.0666705371921635
ENSG00000172159	FRMD3	TCGA-KICH	0.00719947134910509	7185.4358974359	1	0.0852381748322292
ENSG00000136758	YME1L1	TCGA-KICH	0.00971994904997738	7185.6	1	0.0987721979919973
ENSG00000164325	TMEM174	TCGA-KICH	0.00622666634808413	7186	1	0.0798834675805673
ENSG00000100105	PATZ1	TCGA-KICH	0.0107494150057142	7186.1627906977	1	0.103581156026783
ENSG00000111737	RAB35	TCGA-KICH	0.00302427379178228	7186.18	1	0.0557992451329415
ENSG00000214013	GANC	TCGA-KICH	0.0035756607668211	7186.3018867925	1	0.0618474937610543
ENSG00000134489	HRH4	TCGA-KICH	0.00154205137239821	7186.4545454545	1	0.039917471473955
ENSG00000133030	MPRIP	TCGA-KICH	0.00114559709683557	7186.6964285714	1	0.0355556928407397
ENSG00000184716	SERINC4	TCGA-KICH	0.0104555064454721	7187.1304347826	1	0.101728393514116
ENSG00000203805	PPAPDC1A	TCGA-KICH	0.00213684659023527	7189.2105263158	1	0.0465718079502431
ENSG00000136824	SMC2	TCGA-KICH	0.0138044042824423	7189.9736842105	1	0.116234245311942
ENSG00000172172	MRPL13	TCGA-KICH	0.00488001993111723	7190.22	1	0.0715592755326628
ENSG00000260230	FRRS1L	TCGA-KICH	0.00203667993768843	7190.2708333333	1	0.0453635494937995
ENSG00000214113	LYRM4	TCGA-KICH	0.00521781501843773	7191.2888888889	1	0.0738997979479857
ENSG00000138316	ADAMTS14	TCGA-KICH	0.001185883541361	7191.3260869565	1	0.0358002284228596
ENSG00000141404	GNAL	TCGA-KICH	0.00411756203596177	7191.4150943396	1	0.065614682592963
ENSG00000170454	KRT75	TCGA-KICH	0.0042109851471174	7191.4716981132	1	0.0662034732800826
ENSG00000124209	RAB22A	TCGA-KICH	0.00567276494329448	7191.4888888889	1	0.0767957147648868
ENSG00000112697	TMEM30A	TCGA-KICH	0.00378304155440994	7192.7777777778	1	0.0629153969313259
ENSG00000083720	OXCT1	TCGA-KICH	0.00626644450115869	7193.347826087	1	0.0800536343639416
ENSG00000138073	PREB	TCGA-KICH	0.00534176919373432	7195.5227272727	1	0.0747147892031923
ENSG00000173918	C1QTNF1	TCGA-KICH	0.0060017582343726	7196.0961538462	1	0.0787465368904275
ENSG00000160972	PPP1R16A	TCGA-KICH	0.0111686658527412	7196.4130434783	1	0.104989914258443
ENSG00000197302	ZNF720	TCGA-KICH	0.00607797165220625	7196.6326530612	1	0.0790093895975636
ENSG00000237693	IRGM	TCGA-KICH	0.00346166370229042	7197.2926829268	1	0.0607257396583021
ENSG00000204252	HLA-DOA	TCGA-KICH	0.00850386044008835	7197.5510204082	1	0.0923317457274677
ENSG00000185278	ZBTB37	TCGA-KICH	0.0145610411804074	7197.9565217391	1	0.118665889163355
ENSG00000130770	ATPIF1	TCGA-KICH	0.0109275444553681	7198.6666666667	1	0.104231461853913
ENSG00000232040	SCAND3	TCGA-KICH	0.00519317905216973	7199.22	1	0.0737965807352409
ENSG00000173452	TMEM196	TCGA-KICH	0.00789503845521574	7201.7222222222	1	0.0888435936334339
ENSG00000164920	OSR2	TCGA-KICH	0.00386862551915048	7201.92	1	0.0637039641014232
ENSG00000150275	PCDH15	TCGA-KICH	0.00131883709531175	7202.2553191489	1	0.0375154104465678
ENSG00000174238	PITPNA	TCGA-KICH	0.00214682061901056	7202.3928571429	1	0.0465718079502431
ENSG00000164488	DACT2	TCGA-KICH	0.00199369388860231	7202.6785714286	1	0.0450974683982571
ENSG00000134285	FKBP11	TCGA-KICH	0.00451015280074505	7203.5531914894	1	0.0682711683324414
ENSG00000153904	DDAH1	TCGA-KICH	0.00804133001750144	7205.0196078431	1	0.0893698127899275
ENSG00000130764	LRRC47	TCGA-KICH	0.00203023305265652	7206.1428571429	1	0.0453345897428237
ENSG00000213390	ARHGAP19	TCGA-KICH	0.00228922367118096	7206.2142857143	1	0.0475687183256899
ENSG00000154975	CA10	TCGA-KICH	0.00186436975864203	7206.4339622642	1	0.0437157857754789
ENSG00000108528	SLC25A11	TCGA-KICH	0.00136314583179412	7208.0172413793	1	0.0382042803625016
ENSG00000162460	TMEM82	TCGA-KICH	0.000353289605159349	7208.7321428571	1	0.0204257509986533
ENSG00000144119	C1QL2	TCGA-KICH	0.00141732508880891	7208.9636363636	1	0.0388797837690547
ENSG00000239998	LILRA2	TCGA-KICH	0.00595086617584718	7210.4150943396	1	0.0783098782302321
ENSG00000114993	RTKN	TCGA-KICH	0.00250726766870307	7211.6363636364	1	0.0504445875807534
ENSG00000181631	P2RY13	TCGA-KICH	0.00690171050516715	7212.4523809524	1	0.0836088454918698
ENSG00000113396	SLC27A6	TCGA-KICH	0.00241234134933928	7212.5490196078	1	0.049152222276932
ENSG00000102970	CCL17	TCGA-KICH	0.00180617990280447	7213.0769230769	1	0.043044599915794
ENSG00000013563	DNASE1L1	TCGA-KICH	0.00495356601286377	7213.1578947368	1	0.0716980938809638
ENSG00000101951	PAGE4	TCGA-KICH	0.00277645587849983	7214.0238095238	1	0.0531877283423143
ENSG00000241343	RPL36A	TCGA-KICH	0.0101778309925745	7214.3333333333	1	0.100418170124928
ENSG00000163823	CCR1	TCGA-KICH	0.0152537837070222	7214.8372093023	1	0.121718657731919
ENSG00000091009	RBM27	TCGA-KICH	0.0122218841316223	7215.1707317073	1	0.109152006763204
ENSG00000089157	RPLP0	TCGA-KICH	0.000450034100246783	7215.42	1	0.0230265051611893
ENSG00000132330	SCLY	TCGA-KICH	0.00235290790755179	7215.9811320755	1	0.0484965510160127
ENSG00000170832	USP32	TCGA-KICH	0.00328753183835857	7216.46	1	0.0585648747400583
ENSG00000185591	SP1	TCGA-KICH	0.00522109633145414	7216.5217391304	1	0.0738997979479857
ENSG00000173530	TNFRSF10D	TCGA-KICH	0.00252930588708252	7216.8	1	0.0506969133687442
ENSG00000107438	PDLIM1	TCGA-KICH	0.00531292686494711	7217.38	1	0.0744605516301156
ENSG00000197181	PIWIL2	TCGA-KICH	0.00415995591330009	7217.5283018868	1	0.0658858169217691
ENSG00000146676	PURB	TCGA-KICH	0.00325655461045758	7217.9038461538	1	0.0585339192889766
ENSG00000160961	ZNF333	TCGA-KICH	0.00570013958078044	7218.1489361702	1	0.0770360636170454
ENSG00000103351	CLUAP1	TCGA-KICH	0.0100438639671073	7218.375	1	0.0998463571900833
ENSG00000137818	RPLP1	TCGA-KICH	0.00288293887084558	7218.9215686275	1	0.0540638589536594
ENSG00000188021	UBQLN2	TCGA-KICH	0.00219215888758043	7219.0727272727	1	0.0468397979110043
ENSG00000144504	ANKMY1	TCGA-KICH	0.00102202321831472	7219.5961538462	1	0.034170567518393
ENSG00000204843	DCTN1	TCGA-KICH	0.00328718860768167	7220.5490196078	1	0.0585648747400583
ENSG00000113810	SMC4	TCGA-KICH	0.00720120203234506	7222.1086956522	1	0.0852381748322292
ENSG00000103740	ACSBG1	TCGA-KICH	0.000803300108411782	7222.2916666667	1	0.0306960553686027
ENSG00000118965	WDR35	TCGA-KICH	0.00200967148295748	7222.3076923077	1	0.0451400964930772
ENSG00000090520	DNAJB11	TCGA-KICH	0.00508141400268093	7222.3541666667	1	0.0728548301279633
ENSG00000256574	OR13A1	TCGA-KICH	0.000834761386130109	7223.1555555556	1	0.0310900083694737
ENSG00000116991	SIPA1L2	TCGA-KICH	0.000616700397062889	7225.54	1	0.0270587859149648
ENSG00000134760	DSG1	TCGA-KICH	0.00237577400806101	7225.8571428571	1	0.0488421318858756
ENSG00000258986	TMEM179	TCGA-KICH	0.00665022717664349	7226.0243902439	1	0.0816743774800195
ENSG00000075336	TIMM21	TCGA-KICH	0.00579786195540509	7226.52	1	0.0774418342083507
ENSG00000151812	SLC35F4	TCGA-KICH	0.00239319064669428	7226.7272727273	1	0.0491371130856523
ENSG00000142082	SIRT3	TCGA-KICH	0.00159875511115653	7227.5192307692	1	0.0403849575791353
ENSG00000186009	ATP4B	TCGA-KICH	0.00210894175928636	7227.5769230769	1	0.0463704157136246
ENSG00000166068	SPRED1	TCGA-KICH	0.000693468477872909	7228.12	1	0.0288464874626874
ENSG00000161203	AP2M1	TCGA-KICH	0.00182550080240162	7228.5531914894	1	0.0431837449785258
ENSG00000137648	TMPRSS4	TCGA-KICH	0.00178987243532205	7228.6046511628	1	0.0428778652669935
ENSG00000135372	NAT10	TCGA-KICH	0.00068246399423625	7228.8723404255	1	0.0285369735448917
ENSG00000164406	LEAP2	TCGA-KICH	0.00167195371085198	7229.08	1	0.0415058518857109
ENSG00000177098	SCN4B	TCGA-KICH	0.00363738870318795	7229.3269230769	1	0.0622829666630826
ENSG00000130175	PRKCSH	TCGA-KICH	0.00391800933637516	7230.2888888889	1	0.0637204937611118
ENSG00000112183	RBM24	TCGA-KICH	0.000713913242118828	7231.3269230769	1	0.0290185801333326
ENSG00000168026	TTC21A	TCGA-KICH	0.00115756795520248	7231.9433962264	1	0.0357195583864503
ENSG00000141384	TAF4B	TCGA-KICH	0.00436859287018277	7232.3541666667	1	0.0674017483776273
ENSG00000178537	SLC25A20	TCGA-KICH	0.00229304093333953	7232.7843137255	1	0.0475687183256899
ENSG00000133606	MKRN1	TCGA-KICH	0.00859634112455368	7233.1063829787	1	0.092789152883597
ENSG00000187082	DEFB106B	TCGA-KICH	0.0044469185943623	7234.3125	1	0.0679555355808323
ENSG00000142156	COL6A1	TCGA-KICH	0.000586825811456925	7234.5454545455	1	0.0262514395823538
ENSG00000155975	VPS37A	TCGA-KICH	0.00609501777576705	7235.2941176471	1	0.079101871700899
ENSG00000164647	STEAP1	TCGA-KICH	0.00302010712932917	7236.8723404255	1	0.0557866386115416
ENSG00000090889	KIF4A	TCGA-KICH	0.00107451543428578	7237.7111111111	1	0.0346306569378025
ENSG00000112210	RAB23	TCGA-KICH	0.00339460790860738	7237.9777777778	1	0.0600714316644721
ENSG00000175426	PCSK1	TCGA-KICH	0.0101828978009917	7239.0425531915	1	0.100418170124928
ENSG00000179299	NSUN7	TCGA-KICH	0.00367903131209967	7240.2244897959	1	0.0622829666630826
ENSG00000163530	DPPA2	TCGA-KICH	0.00107886686296834	7240.9298245614	1	0.0346306569378025
ENSG00000126088	UROD	TCGA-KICH	0.00581924532048815	7242.387755102	1	0.0775334557467702
ENSG00000168079	SCARA5	TCGA-KICH	0.00223934426217674	7242.5128205128	1	0.0473127946685494
ENSG00000185414	MRPL30	TCGA-KICH	0.00159257776865257	7242.7608695652	1	0.04035622304584
ENSG00000164411	GJB7	TCGA-KICH	0.00628904406821701	7242.8043478261	1	0.0800628304868802
ENSG00000088992	TESC	TCGA-KICH	0.00426411505389309	7242.8775510204	1	0.0666163707335126
ENSG00000111011	RSRC2	TCGA-KICH	0.00389592489429111	7243.5625	1	0.0637039641014232
ENSG00000102471	NDFIP2	TCGA-KICH	0.00136315334421731	7245.064516129	1	0.0382042803625016
ENSG00000107859	PITX3	TCGA-KICH	0.000287078146588797	7245.1632653061	1	0.0183169582375282
ENSG00000137770	CTDSPL2	TCGA-KICH	0.00476982856872498	7246.488372093	1	0.0704693768709692
ENSG00000182359	KBTBD3	TCGA-KICH	0.0156607082373455	7247.0540540541	1	0.123517999885851
ENSG00000136521	NDUFB5	TCGA-KICH	0.000524881253259187	7247.44	1	0.0250924575252116
ENSG00000139323	POC1B	TCGA-KICH	0.00277090929081028	7247.7959183673	1	0.0531611133986223
ENSG00000146067	FAM193B	TCGA-KICH	0.00128819813952659	7249.9791666667	1	0.0372069430278778
ENSG00000013583	HEBP1	TCGA-KICH	0.00522351366076302	7250.0816326531	1	0.0738997979479857
ENSG00000105176	URI1	TCGA-KICH	0.000768800384964506	7251.2727272727	1	0.0303259560719374
ENSG00000170542	SERPINB9	TCGA-KICH	0.00320416309726533	7252.2115384615	1	0.0579172370233683
ENSG00000241837	ATP5O	TCGA-KICH	0.00010832307590776	7252.6136363636	1	0.0113385232723058
ENSG00000165832	TRUB1	TCGA-KICH	0.00399410507752167	7253.5294117647	1	0.0644165083751355
ENSG00000105499	PLA2G4C	TCGA-KICH	0.0037112355355872	7253.7777777778	1	0.0623666706216463
ENSG00000097033	SH3GLB1	TCGA-KICH	0.00089463539237602	7254.7735849057	1	0.0320078226356775
ENSG00000005022	SLC25A5	TCGA-KICH	0.0110723620419983	7255.0465116279	1	0.104739443651862
ENSG00000145703	IQGAP2	TCGA-KICH	0.00160381446435383	7256.5090909091	1	0.0403853595072746
ENSG00000019102	VSIG2	TCGA-KICH	0.000234043004110915	7257.4259259259	1	0.0174130997495965
ENSG00000170043	TRAPPC1	TCGA-KICH	0.0047158803149811	7258.6136363636	1	0.0703866013461532
ENSG00000114127	XRN1	TCGA-KICH	0.00156085007042656	7259.2826086957	1	0.039968455804422
ENSG00000064989	CALCRL	TCGA-KICH	0.00107617617845649	7259.9215686275	1	0.0346306569378025
ENSG00000067064	IDI1	TCGA-KICH	0.0062427621912734	7260.6808510638	1	0.0799183345269733
ENSG00000204428	LY6G5C	TCGA-KICH	0.0139234735364806	7260.7804878049	1	0.116380181986814
ENSG00000197461	PDGFA	TCGA-KICH	0.00785380607859868	7260.7857142857	1	0.0886389741710768
ENSG00000196415	PRTN3	TCGA-KICH	0.00103422697505397	7260.8846153846	1	0.0343265882153508
ENSG00000168754	FAM178B	TCGA-KICH	0.00131868533287045	7261.2156862745	1	0.0375154104465678
ENSG00000176396	EID2	TCGA-KICH	0.00194910660295426	7261.9166666667	1	0.0447847091051829
ENSG00000181418	DDN	TCGA-KICH	0.00263620268342788	7262.6444444444	1	0.0514863243598749
ENSG00000187848	P2RX2	TCGA-KICH	0.00165090123946124	7262.7735849057	1	0.0412467758969919
ENSG00000157593	SLC35B2	TCGA-KICH	0.00257604855963064	7263.1153846154	1	0.0508875720787459
ENSG00000189366	ALG1L	TCGA-KICH	0.000851466578779459	7264.4375	1	0.0313556885761871
ENSG00000183559	C10orf120	TCGA-KICH	0.000245767472971118	7265.6274509804	1	0.0174430246608978
ENSG00000188991	SLC15A5	TCGA-KICH	0.00291578773176914	7265.6724137931	1	0.0543612811691302
ENSG00000186300	ZNF555	TCGA-KICH	0.011262938755159	7266.1627906977	1	0.10517548930838
ENSG00000109063	MYH3	TCGA-KICH	0.00141156706673343	7266.2807017544	1	0.0388797837690547
ENSG00000186187	ZNRF1	TCGA-KICH	0.00105737489902163	7266.693877551	1	0.0346295685231727
ENSG00000156103	MMP16	TCGA-KICH	0.00262919414188835	7267.26	1	0.0514749928879485
ENSG00000149970	CNKSR2	TCGA-KICH	0.00119101897046518	7267.7547169811	1	0.0358260754868469
ENSG00000172771	EFCAB12	TCGA-KICH	0.0070335164552485	7267.76	1	0.0845024501356375
ENSG00000167468	GPX4	TCGA-KICH	0.000650717150616119	7268.6538461538	1	0.0279807027087385
ENSG00000087263	OGFOD1	TCGA-KICH	0.00117688905509586	7269.6590909091	1	0.0358002284228596
ENSG00000143337	TOR1AIP1	TCGA-KICH	0.00485262865232413	7270.6279069767	1	0.0712980255660284
ENSG00000087095	NLK	TCGA-KICH	0.00601137414318875	7271.641509434	1	0.0787505769667845
ENSG00000198939	ZFP2	TCGA-KICH	0.012947847253394	7271.8048780488	1	0.112351554573146
ENSG00000105321	CCDC9	TCGA-KICH	0.00145306700166522	7272.9387755102	1	0.0392746081799731
ENSG00000187545	PRAMEF10	TCGA-KICH	0.00263945181045313	7273.3888888889	1	0.0514869923805199
ENSG00000178038	ALS2CL	TCGA-KICH	0.000529171441887539	7273.7222222222	1	0.0251668453030764
ENSG00000143740	SNAP47	TCGA-KICH	0.00254930003707041	7273.9245283019	1	0.0507553040951018
ENSG00000110446	SLC15A3	TCGA-KICH	0.00199152132734396	7274.1	1	0.0450974683982571
ENSG00000157353	FUK	TCGA-KICH	0.0038909132489775	7274.2727272727	1	0.0637039641014232
ENSG00000256525	POLG2	TCGA-KICH	0.00191061345699638	7275.724137931	1	0.0444002454129317
ENSG00000165521	EML5	TCGA-KICH	0.00126751875947505	7276.0930232558	1	0.0371102613034604
ENSG00000132196	HSD17B7	TCGA-KICH	0.00119732557335192	7277.5833333333	1	0.0358260754868469
ENSG00000182580	EPHB3	TCGA-KICH	0.00227274061179649	7279.1739130435	1	0.0475687183256899
ENSG00000232125	DYTN	TCGA-KICH	0.00756183867085258	7282.4772727273	1	0.0867941280469559
ENSG00000147118	ZNF182	TCGA-KICH	0.00387078753114977	7283.350877193	1	0.0637039641014232
ENSG00000179832	MROH1	TCGA-KICH	0.000851684329106549	7283.6666666667	1	0.0313556885761871
ENSG00000055332	EIF2AK2	TCGA-KICH	0.00229049338174564	7283.9591836735	1	0.0475687183256899
ENSG00000158022	TRIM63	TCGA-KICH	0.00740958444969792	7284.1739130435	1	0.0862632018329119
ENSG00000158292	GPR153	TCGA-KICH	0.00216123414631228	7284.3888888889	1	0.0465734044470374
ENSG00000164142	FAM160A1	TCGA-KICH	0.000517893786508388	7284.4807692308	1	0.0249821355148549
ENSG00000144747	TMF1	TCGA-KICH	0.0012467777590576	7284.9019607843	1	0.0367719075714687
ENSG00000126752	SSX1	TCGA-KICH	0.00187504135305353	7285.5892857143	1	0.0438376456483975
ENSG00000172987	HPSE2	TCGA-KICH	0.00295478925057362	7286.0204081633	1	0.0548966935590911
ENSG00000164758	MED30	TCGA-KICH	0.00214563428223321	7286.7446808511	1	0.0465718079502431
ENSG00000004059	ARF5	TCGA-KICH	0.00398497589464909	7287.4375	1	0.06433406144436
ENSG00000102076	OPN1LW	TCGA-KICH	0.00807135869334722	7287.8888888889	1	0.0895792165446679
ENSG00000065491	TBC1D22B	TCGA-KICH	0.00118114782168884	7288.9285714286	1	0.0358002284228596
ENSG00000186625	KATNA1	TCGA-KICH	0.00608295831244433	7289	1	0.0790093895975636
ENSG00000125498	KIR2DL1	TCGA-KICH	0.00169855937635756	7289.1320754717	1	0.0417186924119992
ENSG00000146263	MMS22L	TCGA-KICH	0.000114580536884315	7289.2093023256	1	0.0116139702417867
ENSG00000132383	RPA1	TCGA-KICH	0.00373711593740791	7290.0666666667	1	0.0625352328240644
ENSG00000129009	ISLR	TCGA-KICH	0.00119956440249151	7290.701754386	1	0.0358260754868469
ENSG00000177938	CAPZA3	TCGA-KICH	0.000382637409229185	7292.7090909091	1	0.0213517007275449
ENSG00000007933	FMO3	TCGA-KICH	0.00129113583986896	7293.6981132075	1	0.0372069430278778
ENSG00000176973	FAM89B	TCGA-KICH	0.000970029779725474	7294.3695652174	1	0.0332655822747398
ENSG00000106299	WASL	TCGA-KICH	0.00294328826009206	7294.8181818182	1	0.0547642254549274
ENSG00000186150	UBL4B	TCGA-KICH	0.00142950765157725	7297.5714285714	1	0.0390675171331224
ENSG00000108055	SMC3	TCGA-KICH	0.00747660166604612	7298.1538461538	1	0.086409604215468
ENSG00000172270	BSG	TCGA-KICH	0.000407983028617691	7298.4107142857	1	0.0218523351281349
ENSG00000113658	SMAD5	TCGA-KICH	0.000712066398165236	7301.5172413793	1	0.02901715869368
ENSG00000114631	PODXL2	TCGA-KICH	0.0028334938023982	7303.3076923077	1	0.0536387745217579
ENSG00000105856	HBP1	TCGA-KICH	0.000995167759332211	7303.54	1	0.0338378167000114
ENSG00000198700	IPO9	TCGA-KICH	0.00234020440953414	7304.306122449	1	0.0483591917660506
ENSG00000239920	AC015691.13	TCGA-KICH	0.00468275207980059	7304.4285714286	1	0.0700226653202675
ENSG00000132881	RSG1	TCGA-KICH	0.0029058691999974	7306	1	0.0542395049393454
ENSG00000172000	ZNF556	TCGA-KICH	0.000182984667992435	7307.9285714286	1	0.0152759845945444
ENSG00000198612	COPS8	TCGA-KICH	0.00088359330446068	7310.24	1	0.0320078226356775
ENSG00000188687	SLC4A5	TCGA-KICH	0.00373039995529611	7310.9555555556	1	0.0625130133638409
ENSG00000154655	L3MBTL4	TCGA-KICH	0.00117636724637064	7312.4	1	0.0358002284228596
ENSG00000162298	SYVN1	TCGA-KICH	0.00369120879320734	7312.7254901961	1	0.0622958034796675
ENSG00000095383	TBC1D2	TCGA-KICH	0.00288068170818374	7314.3888888889	1	0.0540638589536594
ENSG00000158270	COLEC12	TCGA-KICH	0.00209950227448737	7314.5283018868	1	0.0462496959090993
ENSG00000081791	KIAA0141	TCGA-KICH	0.00184543700980229	7314.66	1	0.0434627554587996
ENSG00000196632	WNK3	TCGA-KICH	0.00228420455558655	7315.4117647059	1	0.0475687183256899
ENSG00000066422	ZBTB11	TCGA-KICH	0.00197930149593528	7315.8363636364	1	0.0450144371456825
ENSG00000186468	RPS23	TCGA-KICH	0.000250483683571671	7316.6181818182	1	0.0175942815456154
ENSG00000171365	CLCN5	TCGA-KICH	0.000663733188775876	7319.9056603774	1	0.0279807027087385
ENSG00000089094	KDM2B	TCGA-KICH	0.000210924633449454	7320.224137931	1	0.0166401872152365
ENSG00000229117	RPL41	TCGA-KICH	0.0204137608523417	7320.5161290323	1	0.138052254096751
ENSG00000134030	CTIF	TCGA-KICH	0.000568991633859638	7320.7	1	0.0259020259333054
ENSG00000175414	ARL10	TCGA-KICH	0.00198327160622598	7321.0185185185	1	0.0450144371456825
ENSG00000204424	LY6G6F	TCGA-KICH	0.00103932297179291	7321.137254902	1	0.0343265882153508
ENSG00000075073	TACR2	TCGA-KICH	0.00648732545240226	7322.085106383	1	0.0810338952342808
ENSG00000256229	ZNF486	TCGA-KICH	0.00103828209389468	7322.9607843137	1	0.0343265882153508
ENSG00000058729	RIOK2	TCGA-KICH	0.00219648381087507	7324	1	0.0468397979110043
ENSG00000178035	IMPDH2	TCGA-KICH	0.00117997314025412	7324.7192982456	1	0.0358002284228596
ENSG00000183891	TTC32	TCGA-KICH	0.00155283076667337	7325.350877193	1	0.039917471473955
ENSG00000132693	CRP	TCGA-KICH	0.00572602293599613	7325.3958333333	1	0.0771831987895498
ENSG00000088205	DDX18	TCGA-KICH	0.00160241770895143	7326.08	1	0.0403853595072746
ENSG00000125944	HNRNPR	TCGA-KICH	0.00154788133089615	7327.0545454545	1	0.039917471473955
ENSG00000147394	ZNF185	TCGA-KICH	0.00176061093787022	7329.6315789474	1	0.042464132786132
ENSG00000155096	AZIN1	TCGA-KICH	0.000498310535927783	7331.5	1	0.0244050251770136
ENSG00000196704	AMZ2	TCGA-KICH	0.00157585243492391	7332.66	1	0.0401867464097235
ENSG00000120594	PLXDC2	TCGA-KICH	0.00182373886946192	7333.1555555556	1	0.0431837449785258
ENSG00000178764	ZHX2	TCGA-KICH	0.00346950057991548	7334.0681818182	1	0.0607257396583021
ENSG00000111962	UST	TCGA-KICH	0.00307478423773417	7334.0930232558	1	0.0563417271937216
ENSG00000176715	ACSF3	TCGA-KICH	0.000746255395089205	7335.5283018868	1	0.0298036911530015
ENSG00000181619	GPR135	TCGA-KICH	0.000521407769143339	7337.4680851064	1	0.0250010342000915
ENSG00000127445	PIN1	TCGA-KICH	0.00118310645033661	7338	1	0.0358002284228596
ENSG00000106733	NMRK1	TCGA-KICH	0.00439528946775666	7339.2916666667	1	0.0676832315635797
ENSG00000111186	WNT5B	TCGA-KICH	0.00434910101914056	7340.3541666667	1	0.06733864324289
ENSG00000203883	SOX18	TCGA-KICH	0.00429764194212382	7342.0697674419	1	0.066822073498168
ENSG00000077274	CAPN6	TCGA-KICH	0.00711439381804479	7344.2105263158	1	0.085021233809312
ENSG00000138685	FGF2	TCGA-KICH	0.00232480345927785	7346.5490196078	1	0.0481030069771767
ENSG00000239900	ADSL	TCGA-KICH	0.00145981881427958	7347.2291666667	1	0.0393585830146253
ENSG00000011114	BTBD7	TCGA-KICH	0.000889484669938281	7347.4814814815	1	0.0320078226356775
ENSG00000163032	VSNL1	TCGA-KICH	0.00211517611643512	7347.8723404255	1	0.0464034869927514
ENSG00000218823	PAPOLB	TCGA-KICH	0.00138240740105972	7348.3653846154	1	0.0385701298396713
ENSG00000119403	PHF19	TCGA-KICH	0.00640474974849677	7348.5833333333	1	0.0804667263096156
ENSG00000167633	KIR3DL1	TCGA-KICH	0.00496939645381641	7351.0816326531	1	0.0716980938809638
ENSG00000164164	OTUD4	TCGA-KICH	0.00141480076317862	7351.4259259259	1	0.0388797837690547
ENSG00000125851	PCSK2	TCGA-KICH	0.000981910594671234	7352.119047619	1	0.0334580812205528
ENSG00000183864	TOB2	TCGA-KICH	0.00451906652133589	7354.5365853659	1	0.0682711683324414
ENSG00000090971	NAT14	TCGA-KICH	0.00348055300785479	7355.0408163265	1	0.0607863210695686
ENSG00000091136	LAMB1	TCGA-KICH	0.00240264099981683	7355.15	1	0.0491456926565642
ENSG00000011295	TTC19	TCGA-KICH	0.00272137580735498	7356.6458333333	1	0.0527637210106416
ENSG00000076258	FMO4	TCGA-KICH	0.0027717470925913	7357.0416666667	1	0.0531611133986223
ENSG00000176225	RTTN	TCGA-KICH	0.002807793030679	7359.2830188679	1	0.0534716559240682
ENSG00000145555	MYO10	TCGA-KICH	9.77757380061579e-05	7362.125	1	0.0107991616839215
ENSG00000152127	MGAT5	TCGA-KICH	0.00201934880363548	7362.5490196078	1	0.0452305889373736
ENSG00000104808	DHDH	TCGA-KICH	0.00458523129236655	7362.9756097561	1	0.0688214424997659
ENSG00000170448	NFXL1	TCGA-KICH	0.00169581306862343	7363.1818181818	1	0.0417186924119992
ENSG00000113448	PDE4D	TCGA-KICH	0.00283219990448249	7363.3818181818	1	0.0536387745217579
ENSG00000113597	TRAPPC13	TCGA-KICH	0.00191555204567186	7364	1	0.0444002454129317
ENSG00000080546	SESN1	TCGA-KICH	0.00186309328291574	7364.2340425532	1	0.0437157857754789
ENSG00000167967	E4F1	TCGA-KICH	0.00235143341835974	7365.3636363636	1	0.0484965510160127
ENSG00000120705	ETF1	TCGA-KICH	0.00147798870701881	7366.1956521739	1	0.0395158416409118
ENSG00000166833	NAV2	TCGA-KICH	0.00332476116240736	7366.4615384615	1	0.0590827443625211
ENSG00000154734	ADAMTS1	TCGA-KICH	0.00724314819368289	7368.1162790698	1	0.0854190120190217
ENSG00000170075	GPR37L1	TCGA-KICH	0.000912446141915517	7368.3157894737	1	0.032168857772057
ENSG00000182858	ALG12	TCGA-KICH	0.00214755948303777	7371.3409090909	1	0.0465718079502431
ENSG00000134962	KLB	TCGA-KICH	0.000580490580242721	7371.679245283	1	0.0260407749092078
ENSG00000160714	UBE2Q1	TCGA-KICH	0.000700727835620296	7374.5517241379	1	0.0288487308160901
ENSG00000173068	BNC2	TCGA-KICH	0.00457730663393338	7375.875	1	0.0687669472255563
ENSG00000167114	SLC27A4	TCGA-KICH	0.00281643730137203	7377.6	1	0.0535691726620821
ENSG00000048462	TNFRSF17	TCGA-KICH	0.00198440166249465	7378.4528301887	1	0.0450144371456825
ENSG00000197702	PARVA	TCGA-KICH	0.00106077876170764	7379.4186046512	1	0.0346306569378025
ENSG00000092929	UNC13D	TCGA-KICH	0.000247241123822904	7379.612244898	1	0.0174430246608978
ENSG00000073737	DHRS9	TCGA-KICH	0.0152347174238751	7383.243902439	1	0.121627118416431
ENSG00000156639	ZFAND3	TCGA-KICH	0.00167671448933658	7383.612244898	1	0.0415058518857109
ENSG00000197150	ABCB8	TCGA-KICH	0.00257694792106543	7386.12	1	0.0508875720787459
ENSG00000134365	CFHR4	TCGA-KICH	0.00251836743498165	7388.4130434783	1	0.050584145349065
ENSG00000144026	ZNF514	TCGA-KICH	0.00307900842385799	7389.1034482759	1	0.0563546513235266
ENSG00000130962	PRRG1	TCGA-KICH	0.00390678718821343	7391.7708333333	1	0.0637039641014232
ENSG00000198208	RPS6KL1	TCGA-KICH	0.000787342328782358	7392.2884615385	1	0.0304641591620579
ENSG00000159055	MIS18A	TCGA-KICH	0.00129024998355693	7393.7755102041	1	0.0372069430278778
ENSG00000129810	SGOL1	TCGA-KICH	0.000816625417244295	7394.3695652174	1	0.0308870857401118
ENSG00000170837	GPR27	TCGA-KICH	0.0019595790161611	7400.4565217391	1	0.0449608279997422
ENSG00000144668	ITGA9	TCGA-KICH	0.00370951983308897	7401.9555555556	1	0.0623666706216463
ENSG00000198909	MAP3K3	TCGA-KICH	0.00154572362073467	7403.1764705882	1	0.039917471473955
ENSG00000169413	RNASE6	TCGA-KICH	0.000426392441791548	7404	1	0.0224574090746383
ENSG00000163874	ZC3H12A	TCGA-KICH	0.000284805033082512	7407.7111111111	1	0.018295883476807
ENSG00000149091	DGKZ	TCGA-KICH	0.000999066211847643	7408.2244897959	1	0.0338567530013632
ENSG00000196557	CACNA1H	TCGA-KICH	0.000291490879781871	7408.2962962963	1	0.0184795648024688
ENSG00000157445	CACNA2D3	TCGA-KICH	0.00148835798182517	7408.701754386	1	0.0395939759923507
ENSG00000269858	EGLN2	TCGA-KICH	0.00995332143100408	7408.7179487179	1	0.0994798761306981
ENSG00000079459	FDFT1	TCGA-KICH	0.00228981690485193	7409.2325581395	1	0.0475687183256899
ENSG00000086205	FOLH1	TCGA-KICH	0.000275340042310418	7410.6875	1	0.0181202215485304
ENSG00000204220	PFDN6	TCGA-KICH	0.00419704467899997	7412.9268292683	1	0.0660921047533771
ENSG00000092009	CMA1	TCGA-KICH	0.00200378563989706	7415.6470588235	1	0.0451400964930772
ENSG00000184478	OR56A3	TCGA-KICH	0.00158114964551999	7417.2444444444	1	0.040193827893655
ENSG00000147437	GNRH1	TCGA-KICH	0.000199217092968219	7417.3333333333	1	0.0161134431509395
ENSG00000168502	SOGA2	TCGA-KICH	0.00274387591786209	7417.7777777778	1	0.0528163134910593
ENSG00000205323	SARNP	TCGA-KICH	0.000577396107405447	7417.8113207547	1	0.0260407749092078
ENSG00000068784	SRBD1	TCGA-KICH	0.00129173027308774	7420.641509434	1	0.0372069430278778
ENSG00000110328	GALNT18	TCGA-KICH	0.00169412019185324	7420.6888888889	1	0.0417186924119992
ENSG00000104499	GML	TCGA-KICH	0.00317002284237294	7424.9777777778	1	0.0574948084038534
ENSG00000260342	RP11-1035H13.3	TCGA-KICH	0.000441159159964556	7427.2291666667	1	0.0227175689608758
ENSG00000005102	MEOX1	TCGA-KICH	0.000781407530247543	7427.3555555556	1	0.0304641591620579
ENSG00000066230	SLC9A3	TCGA-KICH	0.00134773641120427	7427.380952381	1	0.038134273189817
ENSG00000115556	PLCD4	TCGA-KICH	0.000110769440118933	7428.7962962963	1	0.0114607374626221
ENSG00000113722	CDX1	TCGA-KICH	0.000132624833864232	7429.5576923077	1	0.0130305933394827
ENSG00000157005	SST	TCGA-KICH	0.00185397516529991	7430.4545454545	1	0.04359972433521
ENSG00000099290	FAM21A	TCGA-KICH	0.000402239530350635	7430.84	1	0.0217511911267778
ENSG00000125868	DSTN	TCGA-KICH	5.70024452111357e-05	7431.7659574468	0.906167871521424	0.00767137949627175
ENSG00000100218	RTDR1	TCGA-KICH	0.000427693397924737	7432.5471698113	1	0.0224574090746383
ENSG00000196323	ZBTB44	TCGA-KICH	9.58103027375674e-05	7433.0892857143	1	0.0107300839044905
ENSG00000139278	GLIPR1	TCGA-KICH	0.00112181750041145	7433.4444444444	1	0.0351871057021384
ENSG00000150628	SPATA4	TCGA-KICH	0.00376555677036857	7434.7619047619	1	0.0628181163306798
ENSG00000167186	COQ7	TCGA-KICH	0.000329222316691703	7437.8260869565	1	0.0196501828531496
ENSG00000147869	CER1	TCGA-KICH	0.00176750171375832	7438.3111111111	1	0.0425164240745462
ENSG00000256223	ZNF10	TCGA-KICH	0.00129575437323306	7439.16	1	0.0372266244367923
ENSG00000072182	ASIC4	TCGA-KICH	0.00225597859490304	7441.5581395349	1	0.0474140383167614
ENSG00000179168	GGN	TCGA-KICH	0.00324225237673156	7443.462962963	1	0.0583949141075415
ENSG00000101222	SPEF1	TCGA-KICH	0.000280749375186949	7443.9245283019	1	0.0182032439012914
ENSG00000110786	PTPN5	TCGA-KICH	0.000656033296661412	7445.4782608696	1	0.0279807027087385
ENSG00000159842	ABR	TCGA-KICH	0.00119255016585685	7446.5744680851	1	0.0358260754868469
ENSG00000136932	C9orf156	TCGA-KICH	0.00280797144128263	7449.358974359	1	0.0534716559240682
ENSG00000204174	NPY4R	TCGA-KICH	0.0010718984232016	7449.7254901961	1	0.0346306569378025
ENSG00000105701	FKBP8	TCGA-KICH	0.000158547655358916	7449.8269230769	1	0.0143454276868533
ENSG00000090372	STRN4	TCGA-KICH	0.000885069230946517	7449.9807692308	1	0.0320078226356775
ENSG00000143867	OSR1	TCGA-KICH	0.000327767623343634	7450.3125	1	0.0196501828531496
ENSG00000108551	RASD1	TCGA-KICH	0.000549519193750771	7450.9622641509	1	0.0253618152389585
ENSG00000182400	TRAPPC6B	TCGA-KICH	0.00149606501386176	7452.6666666667	1	0.039658544384922
ENSG00000180801	ARSJ	TCGA-KICH	0.000111438393504943	7453.7407407407	1	0.0114607374626221
ENSG00000010256	UQCRC1	TCGA-KICH	0.00101077975764745	7453.82	1	0.0339363476283519
ENSG00000120992	LYPLA1	TCGA-KICH	0.00111194534203325	7456.488372093	1	0.0349858637576865
ENSG00000158486	DNAH3	TCGA-KICH	0.000236533007731297	7456.7547169811	1	0.0174130997495965
ENSG00000154813	DPH3	TCGA-KICH	0.000755364824230525	7457.0384615385	1	0.0300177857569525
ENSG00000164107	HAND2	TCGA-KICH	3.13476608193531e-05	7457.4716981132	0.499305541530656	0.00568580974986684
ENSG00000088766	CRLS1	TCGA-KICH	0.000358945209987379	7458.4565217391	1	0.0204573221991028
ENSG00000174970	OR10AG1	TCGA-KICH	0.00516194267047877	7460.1086956522	1	0.0734831216601933
ENSG00000184304	PRKD1	TCGA-KICH	0.00660061091826085	7460.1612903226	1	0.0814415479469571
ENSG00000186470	BTN3A2	TCGA-KICH	0.000884226414746658	7464.54	1	0.0320078226356775
ENSG00000177595	PIDD	TCGA-KICH	0.000529580197760646	7465	1	0.0251668453030764
ENSG00000166415	WDR72	TCGA-KICH	0.00107903202072828	7465.16	1	0.0346306569378025
ENSG00000113407	TARS	TCGA-KICH	0.0012904653915928	7465.8461538462	1	0.0372069430278778
ENSG00000189337	KAZN	TCGA-KICH	0.00126273209568241	7465.9814814815	1	0.0370378287772047
ENSG00000137331	IER3	TCGA-KICH	0.0014202106465749	7467.1666666667	1	0.0388797837690547
ENSG00000178202	KDELC2	TCGA-KICH	0.00141906870392583	7467.4565217391	1	0.0388797837690547
ENSG00000175482	POLD4	TCGA-KICH	0.000297247737917035	7468.7317073171	1	0.0187292126286981
ENSG00000181666	HKR1	TCGA-KICH	0.0010926770605952	7469.0357142857	1	0.0347897080028472
ENSG00000144401	METTL21A	TCGA-KICH	4.50744518145162e-05	7469.6	0.717179602820767	0.00681256712423334
ENSG00000177275	OR2AJ1	TCGA-KICH	6.54850827099023e-05	7470.0526315789	1	0.00825084189882409
ENSG00000139880	CDH24	TCGA-KICH	0.000614722392552509	7472.2666666667	1	0.0270587859149648
ENSG00000092010	PSME1	TCGA-KICH	0.000243414348999203	7472.3461538462	1	0.0174430246608978
ENSG00000151846	PABPC3	TCGA-KICH	0.00101838634757309	7474.2727272727	1	0.0341202036744416
ENSG00000198938	MT-CO3	TCGA-KICH	0.000203610040204695	7474.7307692308	1	0.0163860039893376
ENSG00000112333	NR2E1	TCGA-KICH	0.000154993183586817	7480.2340425532	1	0.0141840904865307
ENSG00000060140	STYK1	TCGA-KICH	0.000812084964414556	7480.9607843137	1	0.0308666707438316
ENSG00000183208	GDPGP1	TCGA-KICH	0.00627618653452511	7481.027027027	1	0.0800628304868802
ENSG00000075089	ACTR6	TCGA-KICH	0.000229421930883597	7490.1851851852	1	0.0172497287469521
ENSG00000198934	MAGEE1	TCGA-KICH	0.00274000557334063	7490.6666666667	1	0.0528163134910593
ENSG00000089597	GANAB	TCGA-KICH	0.00161087186121075	7491.7209302326	1	0.040499392240644
ENSG00000159917	ZNF235	TCGA-KICH	0.000148969899678503	7492.2790697674	1	0.0138706566473908
ENSG00000141655	TNFRSF11A	TCGA-KICH	0.0012356439238666	7496.8823529412	1	0.0365782577462544
ENSG00000171596	NMUR1	TCGA-KICH	0.00445325182707049	7496.8947368421	1	0.0679874432893555
ENSG00000278558	TMEM191B	TCGA-KICH	0.00143532022397037	7499.2653061224	1	0.0391595458038935
ENSG00000186153	WWOX	TCGA-KICH	0.000207140068022779	7500.6734693878	1	0.0165042198476856
ENSG00000144057	ST6GAL2	TCGA-KICH	0.0010282733191559	7501.9183673469	1	0.0343079108464202
ENSG00000177076	ACER2	TCGA-KICH	0.000374085029324466	7503.375	1	0.0210065524887039
ENSG00000164117	FBXO8	TCGA-KICH	0.00109790817190694	7505.8125	1	0.0348869035180351
ENSG00000183324	C15orf60	TCGA-KICH	0.00063916660258109	7507.4090909091	1	0.0277405234155451
ENSG00000162695	SLC30A7	TCGA-KICH	0.000391986545965615	7508.9818181818	1	0.0214988511426004
ENSG00000164116	GUCY1A3	TCGA-KICH	0.000904625923615417	7511.4347826087	1	0.032123246489359
ENSG00000161904	LEMD2	TCGA-KICH	0.00122651866935192	7513.8163265306	1	0.0363753638697612
ENSG00000185561	TLCD2	TCGA-KICH	0.000222815228613194	7515.358490566	1	0.0169117814513758
ENSG00000116350	SRSF4	TCGA-KICH	0.00164825208182953	7524.4	1	0.0412449329539062
ENSG00000005513	SOX8	TCGA-KICH	0.00130171150075577	7530.8913043478	1	0.0372266244367923
ENSG00000196387	ZNF140	TCGA-KICH	0.00055931393950295	7532.8222222222	1	0.0255926078318278
ENSG00000172006	ZNF554	TCGA-KICH	0.00203944774496008	7534.2173913043	1	0.0453635494937995
ENSG00000183644	C11orf88	TCGA-KICH	0.000101515793882283	7539.7368421053	1	0.0108799318359019
ENSG00000112706	IMPG1	TCGA-KICH	7.35870249762121e-05	7539.8431372549	1	0.00899611480702162
ENSG00000231637	USP17L29	TCGA-KICH	5.07203374899153e-05	7540.6078431373	0.806605527102122	0.00718837349469905
ENSG00000164853	UNCX	TCGA-KICH	0.000719961235323025	7541.2127659574	1	0.0291166141002481
ENSG00000066322	ELOVL1	TCGA-KICH	0.000123239628802548	7542.4107142857	1	0.0124130984608353
ENSG00000183853	KIRREL	TCGA-KICH	0.000175459892308889	7546.962962963	1	0.0148778969410962
ENSG00000183111	ARHGEF37	TCGA-KICH	0.00216181219938142	7548.3260869565	1	0.0465734044470374
ENSG00000124233	SEMG1	TCGA-KICH	0.000776659841972203	7548.4090909091	1	0.0304641591620579
ENSG00000164366	CCDC127	TCGA-KICH	0.000784782270897632	7550.9333333333	1	0.0304641591620579
ENSG00000162999	DUSP19	TCGA-KICH	0.000273547926140601	7553.4035087719	1	0.0181027687485195
ENSG00000176194	CIDEA	TCGA-KICH	3.34602677439676e-05	7556.306122449	0.532854763822684	0.00588863942768836
ENSG00000082458	DLG3	TCGA-KICH	0.000704795069927772	7557.7735849057	1	0.0289417770381879
ENSG00000113763	UNC5A	TCGA-KICH	0.000334612931546529	7558.125	1	0.0197015665394031
ENSG00000011405	PIK3C2A	TCGA-KICH	0.000472401254249107	7558.5952380952	1	0.0237163200213149
ENSG00000239789	MRPS17	TCGA-KICH	0.000615747159260685	7560.0526315789	1	0.0270587859149648
ENSG00000125814	NAPB	TCGA-KICH	3.58669709408227e-05	7560.9756097561	0.571073911319778	0.00601238920571605
ENSG00000132153	DHX30	TCGA-KICH	0.00579477054375791	7562.2352941176	1	0.0774418342083507
ENSG00000081803	CADPS2	TCGA-KICH	0.000664467216056108	7564.8039215686	1	0.0279807027087385
ENSG00000151116	UEVLD	TCGA-KICH	0.000312764285311191	7566.8367346939	1	0.0192650770356105
ENSG00000143556	S100A7	TCGA-KICH	0.00110883190081891	7568.0681818182	1	0.0349565804953048
ENSG00000136699	SMPD4	TCGA-KICH	0.00273457346135118	7570.125	1	0.0528163134910593
ENSG00000149516	MS4A3	TCGA-KICH	0.000951178215275436	7573.4468085106	1	0.0328299980983537
ENSG00000196361	ELAVL3	TCGA-KICH	0.000781050909740502	7573.6078431373	1	0.0304641591620579
ENSG00000132613	MTSS1L	TCGA-KICH	0.000168913809944888	7574.1739130435	1	0.0145438422917601
ENSG00000068438	FTSJ1	TCGA-KICH	0.00105466223049615	7577.2	1	0.034611507420893
ENSG00000122133	PAEP	TCGA-KICH	0.000208791698338894	7577.6274509804	1	0.0165534606381059
ENSG00000183668	PSG9	TCGA-KICH	0.000477631443884552	7577.94	1	0.0237554893596618
ENSG00000034239	EFCAB1	TCGA-KICH	0.000237031267275182	7580.8888888889	1	0.0174130997495965
ENSG00000125753	VASP	TCGA-KICH	0.00104122906829733	7581.0769230769	1	0.0343265882153508
ENSG00000138496	PARP9	TCGA-KICH	0.000270327895107676	7587.3555555556	1	0.0180490837045082
ENSG00000146910	CNPY1	TCGA-KICH	0.00100794714582216	7587.4615384615	1	0.0339123393704662
ENSG00000227345	PARG	TCGA-KICH	0.000332855657484837	7587.5531914894	1	0.0196704182827294
ENSG00000068024	HDAC4	TCGA-KICH	0.00167036624748876	7589.225	1	0.0415058518857109
ENSG00000082196	C1QTNF3	TCGA-KICH	0.00179650625002514	7589.6279069767	1	0.0428778652669935
ENSG00000172156	CCL11	TCGA-KICH	0.000291934429910996	7591.9230769231	1	0.0184795648024688
ENSG00000138375	SMARCAL1	TCGA-KICH	0.000723562137317892	7592.9	1	0.0291885330708968
ENSG00000182220	ATP6AP2	TCGA-KICH	0.000191781571717588	7593.14	1	0.015590770919072
ENSG00000114854	TNNC1	TCGA-KICH	0.000168236504758531	7593.98	1	0.0145438422917601
ENSG00000181754	AMIGO1	TCGA-KICH	0.000168077712799245	7594.7068965517	1	0.0145438422917601
ENSG00000223443	USP17L2	TCGA-KICH	0.000112056664660435	7598.2340425532	1	0.0114607374626221
ENSG00000160862	AZGP1	TCGA-KICH	0.000387984547522864	7599.7446808511	1	0.0214261121675127
ENSG00000110944	IL23A	TCGA-KICH	0.00116764864346456	7604	1	0.0357717212724507
ENSG00000115159	GPD2	TCGA-KICH	0.000163801899803214	7606.8679245283	1	0.0144899412605894
ENSG00000227124	ZNF717	TCGA-KICH	0.000272139933182703	7607.08	1	0.0180843196262281
ENSG00000261787	TCF24	TCGA-KICH	0.00108951611141784	7609.1	1	0.0347581683752125
ENSG00000179335	CLK3	TCGA-KICH	2.12089834292164e-05	7610.4255319149	0.338198449762284	0.00479869635420969
ENSG00000113088	GZMK	TCGA-KICH	1.32977303737977e-05	7611.0181818182	0.212205181305064	0.00363213697436898
ENSG00000183943	PRKX	TCGA-KICH	0.000317329565163929	7615.1176470588	1	0.0193113782478134
ENSG00000180855	ZNF443	TCGA-KICH	6.80297028486993e-05	7617.9215686275	1	0.00844570303195286
ENSG00000118322	ATP10B	TCGA-KICH	2.32786677376076e-05	7622.4468085106	0.37110852107294	0.00497102493710809
ENSG00000167711	SERPINF2	TCGA-KICH	0.00035709664423426	7623.8367346939	1	0.0204295721031186
ENSG00000108651	UTP6	TCGA-KICH	0.000141970408097791	7624.9130434783	1	0.0136147070999169
ENSG00000144035	NAT8	TCGA-KICH	0.000246719230686964	7625.1875	1	0.0174430246608978
ENSG00000084623	EIF3I	TCGA-KICH	0.000158466749956239	7626.4090909091	1	0.0143454276868533
ENSG00000099783	HNRNPM	TCGA-KICH	0.00015125595320201	7626.8536585366	1	0.0140021045695387
ENSG00000132394	EEFSEC	TCGA-KICH	0.000512329347181417	7630.3265306122	1	0.0248634984700315
ENSG00000154001	PPP2R5E	TCGA-KICH	0.00104169352935751	7631.5111111111	1	0.0343265882153508
ENSG00000143452	HORMAD1	TCGA-KICH	0.00166918574010299	7632.2	1	0.0415058518857109
ENSG00000170445	HARS	TCGA-KICH	0.00141228957084649	7634.2127659574	1	0.0388797837690547
ENSG00000188986	NELFB	TCGA-KICH	0.000222433909662492	7640.7454545455	1	0.0169117814513758
ENSG00000171234	UGT2B7	TCGA-KICH	0.00107685120659705	7642.1463414634	1	0.0346306569378025
ENSG00000135324	MRAP2	TCGA-KICH	0.000549099720790103	7643.66	1	0.0253618152389585
ENSG00000151090	THRB	TCGA-KICH	0.000948747071800944	7653.0697674419	1	0.032816812861538
ENSG00000113905	HRG	TCGA-KICH	0.00106869227700764	7656.023255814	1	0.0346306569378025
ENSG00000225921	NOL7	TCGA-KICH	0.000188819591398922	7656.9259259259	1	0.0154282946747639
ENSG00000176476	CCDC101	TCGA-KICH	8.95142357564646e-05	7657.0666666667	1	0.0102397891831413
ENSG00000225950	NTF4	TCGA-KICH	0.000255333692110361	7660.6	1	0.0177396148460845
ENSG00000100028	SNRPD3	TCGA-KICH	0.000817741139794405	7663.8333333333	1	0.0308870857401118
ENSG00000140391	TSPAN3	TCGA-KICH	0.000339209405450626	7663.9245283019	1	0.0198264183514298
ENSG00000121454	LHX4	TCGA-KICH	0.000671870006455682	7668.7441860465	1	0.0281675344329522
ENSG00000105996	HOXA2	TCGA-KICH	0.00046922448499527	7669.4901960784	1	0.0237054578145087
ENSG00000159685	CHCHD6	TCGA-KICH	0.000148769850337068	7676.8409090909	1	0.0138706566473908
ENSG00000157823	AP3S2	TCGA-KICH	9.86208616091257e-05	7677.16	1	0.0108178979360969
ENSG00000054282	SDCCAG8	TCGA-KICH	2.70507489248926e-05	7677.2264150943	0.430972531871388	0.00515735409562089
ENSG00000131080	EDA2R	TCGA-KICH	0.0016768208660665	7677.9534883721	1	0.0415058518857109
ENSG00000174013	FBXO45	TCGA-KICH	2.49287199898132e-05	7684.8510638298	0.397289010477653	0.00505358798274504
ENSG00000213347	MXD3	TCGA-KICH	0.000324247408650872	7690.8780487805	1	0.0195955556586555
ENSG00000136235	GPNMB	TCGA-KICH	0.000262371280046173	7691.2708333333	1	0.0178045595336418
ENSG00000087088	BAX	TCGA-KICH	0.00014695558627215	7700.8604651163	1	0.0138440806714617
ENSG00000162267	ITIH3	TCGA-KICH	6.20085293888159e-05	7701.4807692308	0.985501557576451	0.00804288668262428
ENSG00000198910	L1CAM	TCGA-KICH	0.000270482678056945	7702.7692307692	1	0.0180490837045082
ENSG00000134871	COL4A2	TCGA-KICH	0.000760672307894286	7709.6222222222	1	0.030109128843395
ENSG00000099954	CECR2	TCGA-KICH	0.000186001685665698	7715.037037037	1	0.0152759845945444
ENSG00000182107	TMEM30B	TCGA-KICH	1.59204746822717e-05	7720.4615384615	0.253963412131598	0.00398385003182158
ENSG00000187922	LCN10	TCGA-KICH	0.00042491658097382	7722.6739130435	1	0.0224574090746383
ENSG00000143382	ADAMTSL4	TCGA-KICH	0.0025205212606028	7728.0277777778	1	0.050584145349065
ENSG00000169629	RGPD8	TCGA-KICH	3.33196953310439e-05	7743.1960784314	0.530649467842205	0.00588863942768836
ENSG00000169495	HTRA4	TCGA-KICH	0.000633620477805606	7750.2244897959	1	0.0275745433479804
ENSG00000011590	ZBTB32	TCGA-KICH	0.000923746978136112	7754.2195121951	1	0.0323715707983585
ENSG00000140030	GPR65	TCGA-KICH	0.000102583184965419	7755.2173913043	1	0.0108799318359019
ENSG00000164530	PI16	TCGA-KICH	5.06636472048123e-05	7759.976744186	0.805754645145335	0.00718837349469905
ENSG00000117523	PRRC2C	TCGA-KICH	0.000169957397928257	7761.4107142857	1	0.0145554423947649
ENSG00000226023	CT47A6	TCGA-KICH	1.45798217624973e-05	7764.6545454545	0.232606476398883	0.00376606202461927
ENSG00000105278	ZFR2	TCGA-KICH	3.46635715051385e-06	7785.56	0.0553993199795123	0.00163275616957292
ENSG00000188064	WNT7B	TCGA-KICH	3.80672622123223e-05	7787.380952381	0.605916612633534	0.00615805256899334
ENSG00000005893	LAMP2	TCGA-KICH	3.60405472212764e-05	7789.0943396226	0.57376551176272	0.00601238920571605
ENSG00000173218	VANGL1	TCGA-KICH	1.260058031375e-07	7804.7647058824	0.00201710089662509	0.000216617840216942
ENSG00000110887	DAO	TCGA-KICH	0.000164289825984083	7804.9777777778	1	0.0144899412605894
ENSG00000136830	FAM129B	TCGA-KICH	0.000161079336155882	7807.5744680851	1	0.0144899412605894
ENSG00000197321	SVIL	TCGA-KICH	0.00069550402609139	7818.4	1	0.0288487308160901
ENSG00000162592	CCDC27	TCGA-KICH	1.33809604425707e-05	7826.9607843137	0.213519985782101	0.00363213697436898
ENSG00000141699	FAM134C	TCGA-KICH	0.000128915222243873	7847.3333333333	1	0.0128234613927678
ENSG00000177673	C2orf57	TCGA-KICH	5.87486465940602e-05	7854.86	0.933809737612587	0.00777569896862706
ENSG00000075340	ADD2	TCGA-KICH	6.23042692145823e-05	7874.9807692308	0.990139446358142	0.00804288668262428
ENSG00000181085	MAPK15	TCGA-KICH	1.3525934450012e-07	7879.3571428571	0.00216496106806891	0.000216617840216942
ENSG00000162736	NCSTN	TCGA-KICH	5.57037392301907e-05	7879.9782608696	0.885633750020803	0.00756709230637907
ENSG00000145916	RMND5B	TCGA-KICH	7.50497590475918e-05	7880.0869565217	1	0.00899611480702162
ENSG00000115970	THADA	TCGA-KICH	4.14687777207317e-06	7882.152173913	0.0662671067977292	0.00184478465332644
ENSG00000178828	RNF186	TCGA-KICH	6.59449118357467e-05	7885.7115384615	1	0.00825084189882409
ENSG00000145416	MARCHF1	TCGA-KICH	0.000185839057277426	7886.5	1	0.0152759845945444
ENSG00000189067	LITAF	TCGA-KICH	4.79806888412278e-05	7890.0727272727	0.763276798086252	0.00704412213528128
ENSG00000186222	BLOC1S4	TCGA-KICH	9.09353219625462e-05	7895.5	1	0.0102558393044379
ENSG00000153002	CPB1	TCGA-KICH	1.8458949339525e-08	7900.1296296296	0.000295564696824474	5.77295512588326e-05
ENSG00000002726	AOC1	TCGA-KICH	7.6630027898001e-08	7901.16	0.0012267701166191	0.000175318556683784
ENSG00000111912	NCOA7	TCGA-KICH	0.000204959629948983	7904.6744186047	1	0.0164121423681648
ENSG00000243896	OR2A7	TCGA-KICH	2.19982748573472e-07	7905.1481481481	0.00352060390816985	0.000293585309867013
ENSG00000173678	SPDYE2B	TCGA-KICH	7.51756859229172e-05	7906.1219512195	1	0.00899611480702162
ENSG00000175106	TVP23C	TCGA-KICH	2.97665133596349e-05	7927.1296296296	0.474150791305624	0.00547943346499485
ENSG00000136883	KIF12	TCGA-KICH	6.0626778572507e-06	7927.5102040816	0.0968634041252944	0.00248958425343256
ENSG00000096060	FKBP5	TCGA-KICH	1.77797045018468e-05	7935.3333333333	0.283568507099954	0.00424988011338919
ENSG00000070214	SLC44A1	TCGA-KICH	0.000265472817067336	7936.3333333333	1	0.0179390175752463
ENSG00000164221	CCDC112	TCGA-KICH	0.000399825794144474	7944.0731707317	1	0.0217511911267778
ENSG00000123992	DNPEP	TCGA-KICH	2.43118133350098e-05	7954.2291666667	0.387530304560056	0.00505358798274504
ENSG00000100767	PAPLN	TCGA-KICH	3.69855188153948e-05	7954.26	0.58877247402227	0.00610642354462421
ENSG00000198276	UCKL1	TCGA-KICH	2.67999051366957e-05	7954.7818181818	0.427002888542972	0.00515735409562089
ENSG00000138778	CENPE	TCGA-KICH	1.56267090857179e-05	7957.4761904762	0.249292890044458	0.00397240866679005
ENSG00000185479	KRT6B	TCGA-KICH	1.15908668361796e-05	7961.7708333333	0.185036598172771	0.00351884631648462
ENSG00000182985	CADM1	TCGA-KICH	2.6031410389081e-05	7966.3673469388	0.414810524550006	0.00514682762198929
ENSG00000075790	BCAP29	TCGA-KICH	1.26655060197088e-06	7973.7547169811	0.0202559437773203	0.00084807743954135
ENSG00000146839	ZAN	TCGA-KICH	2.14566262875866e-05	7976.170212766	0.342125906155568	0.00479869635420969
ENSG00000102390	PBDC1	TCGA-KICH	0.000136460731815517	7986.3469387755	1	0.0131651724097922
ENSG00000101098	RIMS4	TCGA-KICH	2.46700243412138e-05	7987.487804878	0.393190847950265	0.00505358798274504
ENSG00000115677	HDLBP	TCGA-KICH	2.15739080551419e-05	8001.6458333333	0.343974390031183	0.00479869635420969
ENSG00000089225	TBX5	TCGA-KICH	6.96201008013515e-05	8029.2040816327	1	0.00857666087948957
ENSG00000145491	ROPN1L	TCGA-KICH	1.44576177449419e-05	8099.7380952381	0.230671291120549	0.00376606202461927
ENSG00000012822	CALCOCO1	TCGA-KICH	1.2709246674363e-06	8108.1960784314	0.0203246272816414	0.00084807743954135
ENSG00000157617	C2CD2	TCGA-KICH	1.28457802945502e-05	8145.5106382979	0.205018653501021	0.00363213697436898
ENSG00000070010	UFD1L	TCGA-KICH	1.15179069373189e-06	8153.7755102041	0.0184228921462415	0.00084807743954135
ENSG00000183715	OPCML	TCGA-KICH	5.68312568488325e-06	8189.9	0.0908106653187494	0.00245987183360555
ENSG00000125651	GTF2F1	TCGA-KICH	5.24265502270199e-07	8223.2857142857	0.00838929656732772	0.000599722287061231
ENSG00000139350	NEDD1	TCGA-KICH	6.6052608341755e-06	8274.3095238095	0.105519041825954	0.00258007932339806
ENSG00000130649	CYP2E1	TCGA-KICH	1.186498289667e-05	8286.9756097561	0.189388856996646	0.00351884631648462
ENSG00000102313	ITIH6	TCGA-KICH	1.06065834152894e-06	8295.4482758621	0.0169673514894385	0.00084807743954135
ENSG00000186803	IFNA10	TCGA-KICH	2.16283051859504e-08	8304.8301886792	0.000346269166027066	5.77295512588326e-05
ENSG00000159496	RGL4	TCGA-KICH	8.29706992706235e-06	8329.6153846154	0.132504206735186	0.0028886429322153
ENSG00000166265	CYYR1	TCGA-KICH	2.10798821598594e-08	8596.652173913	0.000337509993261509	5.77295512588326e-05
